1	0.403276	0.133373	0.000823	0.000704	0.000001	0.00025	0	6.736324	32.356438	131.5	74.04163	4
1	0.283024	0.049748	0.001695	0.001102	0.000002	0.00024	0	11.108673	34.988998	271.5	93.213203	6
1	0.314952	0.071156	0.000062	0.000047	0	0.000012	0	8	32	208.5	75.556349	4
1	0.250422	0.034279	0.000099	0.000035	0	0.000005	0	11.485652	30.611759	283.5	80.384776	4
1	0.359462	0.10182	0.000488	0.00027	0	0.000082	0	7	32	179	70.970562	4
1	0.329439	0.080846	0.000081	0.000035	0	0.000008	0	8	34	224.5	78.384776	4
1	0.279804	0.050433	0.000001	0	0	0	0	10	32	300	82.485281	4
1	0.271493	0.046035	0.000032	0.000006	0	0	0	11	31	293.5	79.899495	4
1	0.261547	0.039995	0.000008	0.000003	0	0	0	11.685404	31.66045	317	82.970562	4
1	0.336429	0.085168	0.000008	0.000004	0	0.000001	0	9	35	242	81.79899	4
1	0.297205	0.060533	0.00023	0.000089	0	0.000021	0	11	33	300	83.313708	4
1	0.274797	0.047277	0.000118	0.000034	0	0.000007	0	11	32	314	82.485281	4
1	0.266564	0.042607	0.000003	0.000001	0	0	0	11.744405	33.530277	329.5	86.727922	4
1	0.355333	0.097891	0.000112	0.000021	0	0	0	8.916486	36.280869	247	81.79899	4
1	0.296137	0.060108	0.000001	0	0	0	0	10	35	321	85.313708	4
1	0.286512	0.053379	0.000004	0	0	0	0	11.299339	32.860321	324.5	84.727922	4
1	0.270834	0.045193	0.000008	0.000003	0	0.000001	0	12.246208	34.74139	349.5	89.556349	4
1	0.328597	0.080085	0.000028	0.000013	0	0.000003	0	9	37	284.5	87.213203	4
1	0.29977	0.061485	0.000091	0.000034	0	0.000008	0	11	36	341	89.313708	4
1	0.290161	0.055431	0.000014	0.000005	0	0.000001	0	11.43086	33.852932	341.5	87.899495	4
1	0.2759	0.047645	0.00003	0.000008	0	0.000002	0	12.396292	35.690422	375	92.142135	4
1	0.333243	0.084003	0.000148	0.00006	0	0.000015	0	9	37	287	84.970562	5
1	0.309104	0.067585	0.000009	0.000002	0	0	0	11	36	340.5	90.727922	4
1	0.28239	0.052248	0.000085	0.000019	0	0.000003	0	11	36	356.5	89.899495	4
1	0.275954	0.047693	0	0	0	0	0	12.625183	36.430706	393.5	94.384776	4
1	0.367736	0.106879	0.000139	0.00006	0	0.000019	0	9	38	268.5	86.384776	4
1	0.309586	0.067489	0.000148	0.000062	0	0.000015	0	11	38	361	93.313708	4
1	0.288554	0.055245	0.000054	0.000006	0	-0.000001	0	11.917755	35.827286	376	92.485281	4
1	0.278931	0.049791	0.000018	0.000003	0	0	0	13.066933	37.567429	417.5	97.556349	4
1	0.350768	0.095039	0.000127	0.000068	0	0.000019	0	9	38	300	89.79899	4
1	0.318116	0.072831	0.00008	0.000039	0	0.000011	0	11.436231	38.747952	373.5	98.384776	4
1	0.296248	0.059797	0.000044	0.000007	0	-0.000001	0	12.068001	37.779758	397.5	95.899495	4
1	0.279657	0.050015	0.000052	0.00002	0	0.000004	0	13.349327	38.769001	448	100.142135	4
1	0.434423	0.159705	0.001045	0.000627	0.000001	0.000245	0	7.992449	33.794163	195	78.142135	4
1	0.382864	0.118397	0.00007	0.000022	0	0.000005	0	9	39	274.5	89.556349	4
1	0.309415	0.067942	0.000151	0.000067	0	0.000017	0	11	39	382.5	95.899495	4
1	0.286153	0.054189	0.000098	0.00004	0	0.000009	0	12	38	414	96.485281	4
1	0.283736	0.052122	0.000026	0.000006	0	0.000001	0	13.405035	39.715538	459	102.142135	4
1	0.382794	0.118324	0.000506	0.000099	0	0.000002	0	8	34	214	76.970562	5
1	0.342545	0.089931	0.000097	0.000022	0	0.000002	0	9	38	305.5	88.727922	4
1	0.321814	0.075221	0.000156	0.000066	0	0.000018	0	11	39	380.5	95.899495	4
1	0.292747	0.057625	0.000125	0.000048	0	0.000012	0	12	39	421	98.485281	4
1	0.285284	0.053045	0.000044	0.00001	0	0.000002	0	13.46923	39.7682	467	103.313708	4
1	0.368964	0.107789	0.000425	0.00025	0	0.000082	0	9	39	297.5	90.727922	4
1	0.329697	0.079693	0.000012	0.000007	0	0.000002	0	11.426988	39.744595	395.5	99.899495	4
1	0.292043	0.057812	0.000081	0.000035	0	0.000008	0	12	39	436.5	99.071068	4
1	0.283113	0.052556	0.000007	0.000003	0	0	0	13.433219	40.699158	473.5	104.727922	4
1	0.368512	0.107242	0.000512	0.000281	0	0.000083	0	9	37	303	89.313708	4
1	0.321098	0.075265	0.000001	0	0	0	0	12	41	430.5	103.071068	4
1	0.299616	0.062191	0.000036	0.000007	0	0.000001	0	13.059414	40.810673	466	104.485281	4
1	0.289712	0.056036	0.000012	0.000002	0	0	0	13.797491	41.892109	519.5	107.899495	4
1	0.240942	0.03011	0.000041	0.000004	0	-0.000001	0	14.073661	33.272915	422	93.313708	4
1	0.467242	0.181329	0.011209	0.007289	0.000066	0.003102	-0.000002	14.485721	55.860558	469	162.225396	8
1	0.575344	0.302144	0.000197	0.000029	0	-0.000002	0	11.226431	70.165207	561	165.254833	6
1	0.424853	0.152475	0.000508	0.000168	0	0.000042	0	11.657868	56.218536	539	130.627417	4
1	0.24481	0.031831	0.000468	0.000067	0	0.000001	0	14.235065	36.252861	424	94.970562	4
1	0.392701	0.113173	0.003678	0.002582	0.000008	0.000866	-0.000001	14.276833	42.800255	352	159.396969	7
1	0.475615	0.197328	0.000077	0.000026	0	0.000011	0	9.496387	47.836029	371	112.627417	5
1	1.399475	0.167957	0.850107	0.550384	-0.373903	0.225362	0.043932	62.194138	88.953247	649	465.445739	28
1	0.463398	0.185937	0.000011	0.000003	0	0.000001	0	11.24759	56.658421	476.5	129.698484	5
1	1.386735	1.845276	0.2848	0.209752	0.051165	0.264722	-0.00322	3.823734	30.377439	35	69.79899	3
1	0.438178	0.159428	0.000479	0.000078	0	-0.000014	0	17.098438	65.363655	688	168.769552	8
1	0.486052	0.190987	0.011776	0.005098	0.000038	0.001121	0.000012	23.238249	79.370499	823.5	207.012193	11
1	0.404031	0.134933	0.000062	0.000008	0	-0.000001	0	15.37742	70.317116	871.5	165.355338	4
1	0.386242	0.12131	0.000051	0.000008	0	0.000001	0	14.746799	79.295288	818.5	180.384776	4
1	0.280331	0.0496	0.001354	0.000179	0	-0.000013	0	12.977567	37.875706	361.5	95.698484	6
1	0.446157	0.170295	0.00017	0.000019	0	-0.000007	0	8.956817	42.758823	308.5	100.04163	4
1	0.433006	0.159278	0.000027	0.000016	0	0.000006	0	9.956137	48.781368	393	113.455844	4
1	0.395824	0.128631	0.00006	0.000008	0	-0.000001	0	12.230005	52.859493	557	129.79899	4
1	0.376401	0.113682	0.000004	0.000001	0	0	0	13	54	618	129.313708	4
1	0.352986	0.096562	0.00014	0.000052	0	0.000011	0	14	55	678.5	133.556349	4
1	0.362271	0.103017	0.000054	0.000007	0	0	0	15.05869	59.264965	730	143.455844	4
1	0.440985	0.165662	0.000187	0.000028	0	-0.000004	0	8.930673	41.768925	303.5	96.384776	4
1	0.426948	0.154464	0.000108	0.000012	0	-0.000004	0	10.146857	48.79578	395.5	110.04163	4
1	0.37904	0.116188	0.000014	0.000002	0	0	0	12	52	551	122.142135	4
1	0.348663	0.094123	0.00009	0.000037	0	0.00001	0	13	53	642	128.485281	4
1	0.351008	0.095428	0.000001	0	0	0	0	13	54	667.5	131.071068	4
1	0.354915	0.097901	0.000066	0.000014	0	0.000003	0	15.429139	59.325325	733.5	145.698484	4
1	0.490202	0.208475	0.002565	0.001542	0.000003	0.000556	0	11.098463	51.205608	307	129.254833	6
1	0.415729	0.145202	0.000064	0.000031	0	0.00001	0	9.890674	45.834831	371.5	107.213203	4
1	0.375804	0.113325	0.000086	0.000016	0	0	0	12.11241	49.831387	524	120.142135	4
1	0.361025	0.102589	0.000001	0	0	0	0	13	50	588.5	123.071068	4
1	0.339139	0.086794	0.000107	0.000031	0	0.000005	0	13.999998	51.999992	647	128.970562	4
1	0.344911	0.090926	0.000041	0.00001	0	0.000002	0	14.995954	56.179417	713	140.284271	4
1	0.373072	0.111106	0.000036	0.000023	0	0.000007	0	12.462667	50.787708	558.5	122.727922	4
1	0.364763	0.10481	0.000105	0.000049	0	0.000015	0	13	51	616.5	126.242641	4
1	0.329641	0.080874	0.000001	0	0	0	0	15	53	719.5	132.727922	4
1	0.334908	0.084105	0.000047	0.000013	0	0.000004	0	16.030964	57.162746	787.5	144.04163	4
1	0.39204	0.124773	0.001607	0.000454	0	0.000077	0	10.091523	44.041603	345	101.455844	4
1	0.361888	0.102955	0.000175	0.000076	0	0.00002	0	12.619106	48.965691	553	120.485281	4
1	0.338689	0.087011	0.000002	0	0	0	0	13	50	642	124.828427	4
1	0.326331	0.078879	0.000045	0.000019	0	0.000005	0	14	52	695.5	130.242641	4
1	0.323014	0.076527	0.000212	0.000064	0	0.000014	0	15.998481	57.503437	753	140.284271	5
1	0.36185	0.102381	0.001548	0.000694	0.000001	0.000193	0	8.909546	31.961227	205	76.627417	4
1	0.31087	0.067896	0.000296	0.000071	0	0.000007	0	9.717976	31.03126	234.5	76.384776	4
1	0.308589	0.067592	0.000131	0.000039	0	0.000005	0	9.687898	31.460701	257.5	77.899495	4
1	0.294249	0.05882	0.000226	0.000035	0	0	0	10	32	283.5	79.899495	4
1	0.362831	0.101439	0.001263	0.000319	0	0.00003	0	10.525642	37.36763	288	90.970562	4
1	0.443586	0.164916	0.001949	0.001409	0.000002	0.000515	0	11.30303	44.720684	318	111.112698	6
1	0.354625	0.096632	0.000487	0.000092	0	0	0	11.53523	39.194977	337.5	96.384776	5
1	0.344573	0.090861	0.000121	0.000038	0	0.000008	0	10.555245	39.441002	352.5	94.727922	5
1	0.326042	0.078326	0.000023	0.000015	0	0.000003	0	11.20714	39.296371	378	96.142135	4
1	0.321714	0.075546	0.00001	0.000008	0	0.000002	0	11.744405	38.639091	403	98.485281	4
1	0.412893	0.139039	0.002239	0.000849	0.000001	0.000191	0	13.179193	46.500675	406.5	116.04163	8
1	0.391194	0.121606	0.001915	0.000783	0.000001	0.000184	0	13.395752	47.381268	442.5	134.04163	10
1	0.361986	0.103139	0.000026	0.000003	0	-0.000001	0	12.337821	47.32354	506.5	119.556349	4
1	0.508206	0.222701	0.006159	0.006899	0.000045	0.003256	0.000001	12.943666	57.462032	418	146.08326	10
1	0.377484	0.1123	0.000658	0.00064	0	0.000201	0	11.726816	48.362202	351.5	124.183766	7
1	0.312598	0.069433	0.000002	0	0	0	0	11.568238	37.64082	386	96.485281	4
1	0.339555	0.082909	0.000538	0.000302	0	0.00005	0	14	40	370.5	112.04163	9
1	0.32065	0.074614	0	0	0	0	0	11.641175	38.485382	409	97.656854	4
1	0.306121	0.066288	0.000066	0.000026	0	0.000005	0	12	39	436	100.485281	4
1	0.338048	0.085917	0.000048	0.000017	0	0.000004	0	11.421289	40.367119	409	100.485281	4
1	0.321812	0.075079	0.000045	0.000014	0	0.000003	0	12.348415	41.365578	455	104.485281	4
1	0.328871	0.079473	0.00009	0.00005	0	0.000013	0	12.427895	42.30888	475	107.656854	4
1	0.313506	0.070445	0.00003	0.000003	0	-0.000001	0	13	42	501.5	109.071068	4
1	0.334582	0.083908	0.000172	0.000019	0	-0.000004	0	11.390892	40.287788	401	99.313708	5
1	0.322271	0.076027	0.000075	0.000018	0	0.000002	0	12	42	454	107.313708	4
1	0.314457	0.07155	0.00003	0.00001	0	0.000002	0	11.999998	41.999992	494	106.828427	4
1	0.308598	0.067612	0.000027	0.000009	0	0.000001	0	13	42	512	110.485281	4
1	0.31343	0.069909	0.000083	0.000018	0	0.000001	0	12.181553	39.355789	432.5	101.071068	4
1	0.308222	0.067387	0.000105	0.000046	0	0.000012	0	12	40	464	102.828427	4
1	0.293983	0.059088	0.000027	0.000015	0	0.000004	0	13	42	512	108.485281	4
0	0.587559	0.279119	0.050563	0.054918	0.00289	0.026642	-0.000141	18.700453	79.52774	435	221.823375	14
0	0.529005	0.252619	0.000675	0.000077	0	-0.000033	0	7	46	295	101.313708	6
0	0.721526	0.465413	0.061868	0.038375	0.00187	0.026167	0.000017	9	47	174.5	120.384776	5
0	1.241666	1.426278	0.003983	0.000614	0	-0.000384	-0.000001	7	46	189.5	127.071068	12
0	1.047761	0.900346	0.011356	0.011546	0.000132	0.010947	0.000004	8.10911	46.9884	145	183.79899	10
0	0.696608	0.423376	0.03194	0.013129	0.000268	0.00847	-0.000018	10	48	179	127.79899	5
0	1.737009	2.930842	0.12164	0.098182	0.010722	0.160708	-0.000391	3.605551	36.055511	47.5	98.12489	6
0	1.658993	2.662245	2.004968	1.987771	3.96829	3.236075	0.000153	4.0705	38.47279	49	91.396969	5
0	1.178227	1.308266	0.420517	0.349985	0.134243	0.399296	0.002493	15.276484	103.255981	468	316.818322	22
0	8.661049	74.491301	8.255074	1.084301	-1.370354	-6.195819	2.940387	6.664465	138.127991	152.5	286.526911	4
0	0.93938	0.84815	0.048382	0.045971	0.002168	0.042284	-0.000007	7.594049	57.148438	259.5	138.468036	9
0	1.218967	1.455017	0.005618	0.005159	0.000028	0.006178	0	3.67658	41.624146	88	92.08326	3
0	4.75923	22.551223	33.849668	33.755245	1141.009106	160.27095	0.019254	2.43706	43.010818	36.5	93.355338	2
0	7.989242	63.56757	144.157513	145.486732	21069.475436	1159.796913	2.067882	9.571126	209.985428	402	452.710677	9
0	2.39981	5.722475	1.42734	1.412763	2.00617	3.376242	-0.000324	3.245228	62.392132	105.5	130.384776	2
0	0.48468	0.207644	0.000048	0.000011	0	0.000001	0	7	41	273.5	93.071068	4
0	0.645397	0.376246	0.073894	0.057944	0.003792	0.03554	-0.000004	8	41	166.5	96.727922	3
0	1.160979	1.201276	0.057129	0.057478	0.003292	0.062588	0.0001	6.999999	41.999992	143	119.313708	11
0	0.884337	0.596891	0.028394	0.03217	0.000972	0.024828	0	6.999999	41.999992	123	164.485281	8
0	0.650589	0.377942	0.067767	0.048827	0.002809	0.030017	-0.000005	8	42	170	105.313708	5
0	0.86138	0.69555	0.017955	0.011752	0.000169	0.008738	0.000021	9.409674	51.829613	257	143.681239	13
0	4.117084	16.905703	0.006386	0.006264	0.00004	0.02561	0	2.089578	57.413647	63	120.970562	2
0	4.222354	17.784305	1.51801	1.513007	2.292972	6.380386	-0.000031	2.375997	63.381321	79	133.79899	2
0	3.261694	10.057191	0.876846	0.161202	0.021444	-0.121324	-0.056686	5.784925	34.442551	26	91.396969	6
0	0.790795	0.591377	0.019053	0.017283	0.000314	0.013287	-0.000003	5.405988	39.961918	122	97.053823	7
0	0.624834	0.359871	0.00422	0.002913	0.00001	0.001745	0	11.210178	78.512703	546.5	194.350286	11
0	4.141916	17.110497	1.856354	1.838408	3.396198	7.592097	-0.001153	2.670129	67.593803	90	143.112698	2
0	5.012232	25.072733	8.133012	8.120331	65.991244	40.660644	0.000159	2.09738	66.117409	64.5	135.899495	2
0	1.27564	1.391524	0.152631	0.033078	0.001393	-0.011505	-0.001893	20.68362	68.19648	311	208.450791	9
0	4.189738	17.457673	21.557374	21.349791	458.024139	89.153092	-0.09867	2.611665	44.77589	38.5	97.497474	2
0	0.633865	0.352403	0.021469	0.002683	-0.000004	-0.000869	0.00002	8.400417	52.127995	187	116.627417	6
0	4.209959	17.690508	0.008515	0.008254	0.000069	0.034547	0	3.510679	113.015953	247	230.142135	3
0	4.764914	22.533303	6.031586	4.902831	26.645576	21.816258	0.924176	5.187131	101.123581	136.5	210.04163	4
0	0.91338	0.791649	0.003052	0.000878	0.000001	0.000682	0	4.989645	39.785858	100	111.740114	3
0	4.559839	20.748092	0.90505	0.896743	0.807864	4.076433	-0.000243	2.483248	70.709435	86	149.112698	2
0	4.768719	22.695551	2.482497	2.476319	6.1398	11.794655	-0.000132	2.235562	72.10878	75.5	148.727922	2
0	0.348092	0.08859	0.002205	0.000243	0	-0.000025	0	12.203404	37.719612	227	111.88225	10
0	1.305056	1.473116	0.242265	0.207435	0.046462	0.195982	-0.001933	30.16263	124.291466	870	375.303604	23
0	1.291386	1.624639	0.109055	0.108585	0.011816	0.137576	0.000011	9.152554	86.255882	368	208.592927	10
0	1.584834	2.388796	0.646873	0.229511	0.078803	0.195971	-0.040131	4.991506	48.015633	61.5	107.296463	4
0	4.495856	20.180833	0.201048	0.198442	0.039637	0.889138	-0.00002	3.207637	121.036232	257.5	245.899495	2
0	0.943212	0.832046	0.041124	0.008541	0.000094	0.001187	0.00013	8.057682	57.218597	198	133.455844	4
0	6.361563	40.201718	9.07851	6.33776	47.91259	35.62638	3.937114	5.426117	119.103729	150.5	246.870057	4
0	1.623216	2.583825	0.313728	0.293631	0.08912	0.465309	0.000194	5.456814	43.010887	72.5	109.012193	5
0	1.252104	1.533376	0.010664	0.006398	0.000052	0.00669	0.000007	2.959182	33.372993	52.5	70.727922	3
0	1.4449	2.043725	0.000291	0.000329	0	0.000469	0	5	54	200	118.970562	4
0	3.922666	15.339995	0.068949	0.068314	0.004688	0.267283	-0.000001	2.322836	53.732666	61.5	115.213203	2
0	1.194749	1.298613	0.112687	0.050163	0.003628	0.033859	0.001031	5.753964	30.578213	41.5	83.84062	6
0	4.269529	18.185045	0.515171	0.51411	0.264581	2.192203	0.000008	2.183688	60.069923	67	125.313708	2
0	1.221191	1.446677	0.056552	0.047662	0.002474	0.056	-0.000067	5.98714	44.585075	123.5	119.438599	8
0	0.92186	0.79286	0.020541	0.026219	0.000608	0.022355	-0.000025	17.284752	97.885223	692	276.04877	18
0	0.506307	0.094277	0.057216	0.003423	-0.000042	-0.00103	0.000022	19.349417	35.349899	213.5	136.953318	14
0	1.583523	2.364836	1.108581	1.213189	1.406932	1.865634	0.005474	8.060281	52.621391	121	154.651802	10
0	5.127651	26.258267	0.119055	0.111733	0.012887	0.563516	0.000073	3.04081	122.029648	239.5	251.556349	3
0	0.961453	0.868013	0.041001	0.01025	0.000157	0.003084	0.00014	8.495245	63.12336	207	144.284271	6
0	1.638052	2.618214	0.32302	0.314465	0.100224	0.508652	0.000194	6.30271	37.291031	71	113.396969	11
0	1.484375	2.163533	0.0102	0.00942	0.000092	0.013855	0	6	63	214.5	135.556349	5
0	2.211984	4.707584	0.633943	0.184634	0.050436	0.186166	-0.038031	6.452879	54.054226	104	118.284271	5
0	1.038761	0.972642	1.635736	1.710689	2.861469	1.68284	-0.030249	3.858315	31.88187	30	90.426406	6
0	0.88785	0.716066	0.08931	0.066169	0.005081	0.051778	0.000233	11.029742	56.067852	167.5	192.752307	15
0	14.065886	197.450929	57.763096	57.392436	3304.511104	806.462631	-0.313898	5.885658	174.470673	194.5	362.669047	7
0	3.936472	15.460117	0.120013	0.101003	0.011116	0.378134	-0.000291	2.939057	90.004822	172	185.313708	3
0	0.988577	0.847121	0.240116	0.229105	0.053711	0.184181	-0.001638	25.542353	96.462189	584.5	279.948265	14
0	0.631973	0.314989	0.214334	0.160923	0.029879	0.088921	0.000665	10.107028	32.199383	89.5	102.468036	11
0	4.810546	23.047868	5.673143	5.707493	32.477302	27.337753	-0.012536	2	45	30	95.79899	2
0	0.804352	0.616926	0.002095	0.001995	0.000004	0.001561	0	3.544966	30.222342	60	70.08326	4
0	1.101825	1.173508	0.021485	0.010192	0.000146	0.008922	0.000036	8.702551	98.464622	411.5	250.776692	13
0	2.390602	5.479558	0.029688	0.030946	0.000929	0.068933	-0.000128	4.998649	39.87294	36	122.024385	8
0	1.481566	2.106809	0.102668	0.045572	0.003013	0.047833	0.0008	9.224807	76.083237	215	194.911687	11
0	2.068514	4.222747	0.030491	0.028831	0.000855	0.058901	0.000005	6.999999	80.999985	263	175.79899	7
0	2.581094	6.48141	13.346814	13.028121	171.795312	33.157309	0.148049	3.528211	33.053772	28	84.08326	3
0	4.301348	18.365077	0.828359	0.154087	0.019012	-0.040414	-0.051663	4.448461	75.537468	92.5	158.04163	4
0	1.780658	2.916363	6.657289	5.911798	37.081036	9.991248	-0.695076	8.049845	60.821041	84.5	183.379724	12
0	2.856512	5.325008	28.100545	19.504453	453.938493	39.827463	-49.443437	31.70612	103.612831	320.5	273.438599	13
0	0.469363	0.188679	0.000539	0.00031	0	0.000108	0	6.389827	48.821148	126.5	128.468036	5
0	1.998497	3.893789	0.970363	0.827079	0.740773	1.573984	0.016064	2.527722	35.188553	22	79.455844	2
0	0.74637	0.503018	0.026702	0.015686	0.000318	0.009137	0.000041	12.141919	58.163216	314.5	172.12489	14
0	3.442133	11.549384	6.022047	5.242009	29.449181	17.573112	0.42623	4.743416	40.477154	37.5	107.84062	6
0	1.384379	1.408705	2.127193	1.084842	1.617033	0.894422	0.317891	12.306672	43.288315	81	113.740114	6
0	1.49488	2.027125	0.780415	0.402049	0.220648	0.47562	0.045084	13.972737	64.187256	221.5	192.811182	12
0	1.92938	3.669413	0.547598	0.533743	0.288555	1.022317	0.000043	8	80	234	175.79899	7
0	0.42589	0.151678	0.001145	0.000139	0	-0.000032	0	8.043153	41.047813	227.5	111.781745	6
0	1.833332	3.103305	0.485532	0.090449	0.003858	-0.043057	0.018558	12.336245	73.242722	163	272.676187	31
0	7.024864	49.121476	3.57601	1.853614	4.661898	10.084145	-1.020593	3.989835	87.135139	72	180.627417	4
0	0.52676	0.077396	0.013035	0.027065	0.000204	0.007507	-0.000466	9.838699	33.093803	40	133.681239	14
0	3.453991	7.367106	58.732545	41.683334	2050.895644	100.773407	-217.991374	40.454945	126.84613	373.5	332.610172	11
0	0.351412	0.088713	0.004148	0.001713	0.000004	0.000411	0.000002	10.8	38	177	129.195958	11
0	1.228737	1.388476	0.15503	0.123311	0.01705	0.144558	0.000039	6.664199	42.739281	92	147.053823	5
0	0.687627	0.426737	0.096234	0.083654	0.007505	0.054145	0.000119	10.097058	55.389576	278.5	157.781745	11
0	1.30299	1.515926	0.7236	0.646657	0.442061	0.787127	0.015816	10.833075	49.135723	136	130.426406	12
0	3.068795	9.366569	0.000347	0.000066	0	-0.000024	0	1.962962	37.208378	36.5	78.727922	2
0	4.365399	18.97605	0.804674	0.791018	0.631087	3.42262	0.0005	2.089578	41.194538	31.5	90.04163	2
0	0.469096	0.141947	0.065351	0.063033	0.004031	0.019481	-0.000338	15.647458	53.082188	173	180.852812	16
0	1.941465	1.869635	8.819171	4.093068	23.361526	2.859201	-7.680325	33.145367	84.888565	253.5	224.325901	5
0	1.321222	1.692063	0.035409	0.026616	0.000817	0.034619	-0.000006	9.752893	95.401695	369.5	251.605119	16
0	1.672944	2.697111	0.456134	0.38938	0.164083	0.616614	0.002311	4.16292	30.460384	24.5	80.669047	3
0	2.546237	6.374725	6.903402	6.708902	45.65707	16.870834	-0.081828	2.84605	33.836365	26	74.769552	2
0	1.311248	1.30715	0.986916	0.66461	0.537807	0.696662	-0.022026	11.859385	48.197014	119	231.137083	18
0	0.466287	0.176798	0.01894	0.010764	0.000152	0.00384	0.000026	13.209487	55.363293	346.5	180.752307	14
0	1.586482	2.426466	3.310956	3.177984	10.308697	4.949886	0.016248	4.608177	36.622879	48	88.284271	5
0	0.869419	0.412595	0.331491	0.191762	0.048348	0.104388	0.000051	23.623398	75.184486	407.5	294.752307	23
0	0.548358	0.242386	0.125072	0.104951	0.012023	0.048599	0.000148	9.337228	38.231167	127	100.08326	6
0	0.42153	0.14789	0.000795	0.000233	0	0.000085	0	12.413213	53.250885	300.5	167.92388	11
0	1.031701	0.882834	0.404367	0.480645	0.211787	0.44656	0.006843	7.327935	31.614807	63.5	89.497474	6
0	2.114712	2.158903	11.650202	5.90051	47.503581	4.868084	-11.693446	35.758018	90.609055	268	238.911687	7
0	1.390021	1.740952	0.172104	0.097445	0.012498	0.094992	0.001745	9.370442	64.069923	191.5	242.291411	20
0	1.337455	1.652475	0.253884	0.232999	0.056668	0.290662	0.000438	6.991266	40.898911	100.5	113.012193	6
0	0.370859	0.078862	0.006776	0.000765	-0.000001	-0.000208	-0.000001	16.155037	50.611019	265.5	233.865005	16
0	1.43481	2.004506	0.04646	0.005407	-0.000069	-0.007002	-0.000051	1.961618	30.016459	17	61.656854	2
0	0.90748	0.793334	0.001886	0.000791	0.000001	0.000469	0	4	34	88.5	72.727922	3
0	1.132562	1.032832	0.206129	0.252041	0.056419	0.242905	0.010825	20.150581	84.134781	402	278.509666	20
0	0.593073	0.30558	0.022434	0.013596	0.000237	0.00653	-0.000015	13.867506	59.630272	345.5	172.066015	15
0	0.30809	0.063511	0.001074	0.000498	0	0.000112	0	7.891151	30.413813	98.5	79.355338	7
0	2.129856	2.184207	10.60099	4.824492	32.921447	3.040236	-10.324792	35.669689	89.805336	259.5	235.84062	5
0	0.525749	0.188683	0.068173	0.07262	0.005089	0.029824	0.000457	7.288481	30.258242	78.5	87.698484	3
0	0.507315	0.188985	0.001646	0.000032	0	-0.000005	0	8.485281	31.819805	101.5	118.267026	9
0	2.097142	1.844188	7.696902	3.860168	19.629872	5.002081	7.575867	12.478728	30.305481	39	142.994948	18
0	2.065732	3.986382	1.282274	0.5601	0.451807	0.840334	-0.145529	4.722849	35.122032	42	87.941125	4
0	4.752041	22.432241	52.556026	51.936632	2713.450499	245.339849	1.093038	2.094191	38.626183	19	83.597979	2
0	0.369329	0.085508	0.00049	0.000613	0	0.000137	0	15.979907	51.610783	269.5	171.92388	12
0	3.863004	14.69163	5.900642	5.227847	29.032765	19.160057	0.42033	4.971546	61.185528	57	129.455844	4
0	1.096526	1.170735	0.003137	0.003142	0.00001	0.003393	0	3.632613	36.053684	95	76.485281	2
0	1.197187	1.267878	0.301914	0.249533	0.068491	0.243503	-0.000072	26.390131	126.450722	915	422.04877	21
0	0.359442	0.095528	0.000648	0.000675	0	0.000207	0	9.003568	34.002834	117	82.769552	6
0	0.402408	0.131996	0.005831	0.004027	0.00002	0.001459	-0.000001	14.144856	51.032417	428.5	131.781745	8
0	1.783567	0.30839	0.811821	1.463521	-1.521179	-0.780288	0.480451	56	63	380	328.08326	6
0	4.128315	16.789714	1.336496	1.049088	1.240547	3.985618	0.064634	5.761992	55.071342	68.5	137.639609	8
0	1.311517	1.585674	0.038973	0.013466	0.000309	0.016954	-0.000001	10.261953	61.571728	181	230.04877	13
0	2.27464	5.041476	0.48561	0.54132	0.277515	1.202001	0.003708	6.134286	58.964962	87.5	143.497474	9
0	0.313585	0.052898	0.006983	0.003713	0.000018	0.000805	0.000005	17.750404	45.208061	384.5	135.781745	7
0	1.451536	2.010891	0.390933	0.348907	0.128839	0.483966	0.002283	5.231144	38.012978	70.5	99.639609	7
0	0.422266	0.064243	0.000704	0.000279	0	0.00007	0	35.983055	79.323929	965	393.7645	37
0	1.324241	1.702686	2.206765	2.169103	4.745677	2.830383	-0.001366	3	36	58.5	77.556349	3
0	1.487907	1.987212	0.242043	0.242805	0.058841	0.341712	-0.001559	12.907364	70.17701	167.5	216.267026	9
0	0.949203	0.871511	0.025654	0.023968	0.000594	0.022337	0.000002	4	40	127	85.313708	3
0	0.373912	0.096681	0.009484	0.002856	0.000012	0.000432	0.000008	14.312402	37.291031	265	101.112698	9
0	0.656568	0.183533	0.01465	0.001939	-0.000008	0.000169	-0.000007	63	126	1945.5	560.031525	35
0	2.423372	5.696217	2.877603	2.748795	7.730863	6.55996	-0.017212	9.563362	81.670647	245	210.911687	12
0	0.39024	0.120481	0.006726	0.004389	0.000024	0.001498	0	12.480755	45.48542	307.5	120.953318	9
0	1.547269	0.586129	0.6966	0.691914	-0.474542	-0.509334	0.074555	47	63	363.5	294.669047	6
0	2.16151	4.570891	0.720839	0.662741	0.458073	1.416603	0.000785	4.978506	45.084423	66.5	104.870057	7
0	1.771171	2.952231	0.300818	0.337481	0.107519	0.5785	-0.001454	7.725058	50.923889	132	157.396969	11
0	2.485957	6.097855	0.875563	0.826387	0.702941	2.0406	-0.000852	7.589591	94.302017	257.5	222.977703	7
0	2.274124	5.03347	11.027178	10.726424	116.657302	24.063891	-0.413624	4.96139	37.706558	36	96.769552	4
0	1.383833	1.692596	0.058397	0.104695	0.008	0.12053	0.001734	8.521423	44.356544	79	148.225396	6
0	1.388822	1.781992	6.01925	5.776745	34.063799	7.709008	-0.124608	5.578319	44.384018	53.5	98.526911	4
0	1.01646	0.961267	0.070052	0.032728	0.001518	0.021466	-0.00039	6.418292	62.156086	118	165.338094	4
0	0.562266	0.246977	0.006331	0.003421	0.000014	0.001011	0.000008	7.273238	36.998642	67.5	103.84062	5
0	0.512506	0.092668	0.001388	0.002556	0.000002	0.000303	-0.000005	26.810839	49.289333	495.5	291.580734	20
0	0.519716	0.237661	0.00939	0.006904	0.000056	0.003364	0.000001	23	110	1527	269.88225	13
0	1.066711	1.102214	0.077395	0.072946	0.005481	0.076579	-0.000001	5	45	139.5	95.556349	4
0	3.765053	14.03285	4.483832	4.01736	17.049005	14.627465	0.221672	5.647093	80.554115	151.5	172.870057	6
0	0.394581	0.120794	0.012315	0.006653	0.00006	0.00217	0.000004	12.758106	44.098667	285	112.710677	6
0	1.374864	0.869972	0.421518	0.272371	-0.08409	-0.216939	-0.038028	41	63	360.5	270.526911	6
0	1.894191	3.489137	0.584652	0.482566	0.256221	0.88322	0.007162	5.869866	48.035496	75.5	106.526911	6
0	1.396468	1.812087	0.045138	0.031194	0.001167	0.035668	0.00009	8.718957	55.863358	178	151.396969	9
0	0.613149	0.188841	0.068607	0.006132	0.000085	0.001137	-0.000093	11.498523	45.482502	128	159.137083	11
0	1.003881	0.83673	0.352065	0.205163	0.054633	0.170256	-0.007456	12.48409	45.93755	181	119.254833	9
0	1.398679	1.873239	0.373708	0.310215	0.105623	0.423699	-0.000326	4.545324	37.23378	54.5	101.982755	3
0	0.792522	0.587964	0.050458	0.042994	0.002002	0.031666	0.000026	7.155417	42.932503	112	111.740114	7
0	0.50833	0.200173	0.016349	0.004058	0.000025	0.000602	0.000022	6.841052	33.766731	84	90.08326	6
0	0.516524	0.135696	0.000889	0.003279	0.000005	0.001115	0.000002	29.974524	65.717346	839	377.7645	24
0	1.1577	1.132525	0.047401	0.019907	0.000591	0.020906	-0.000156	25.793612	109.982208	925.5	491.036578	23
0	0.90671	0.787735	0.001495	0.000837	0.000001	0.000699	0	5	38	142	84.485281	4
0	2.98203	8.780244	1.872508	1.506376	2.528175	4.161037	0.094773	5.371037	79.222786	144.5	166.04163	5
0	1.264959	0.984889	0.282168	0.110808	-0.018065	-0.093252	-0.007587	34	63	353	241.112698	6
0	0.394212	0.115879	0.012028	0.002386	0.000008	0.000238	0.00001	10.539305	47.149517	235.5	126.610172	10
0	1.587214	2.4595	0.013137	0.013897	0.000188	0.021702	-0.000002	4	41	62.5	95.698484	6
0	1.474561	2.046429	0.047937	0.032181	0.001259	0.038653	0.000115	8.67304	55.928623	188	152.568542	8
0	0.816953	0.626233	0.007929	0.000816	-0.000002	-0.000592	0.000001	8.500805	54.907921	222	132.509666	7
0	0.366074	0.078769	0.003638	0.00239	0.000007	0.00063	0	14.477674	44.930714	180	177.137083	17
0	0.703944	0.329511	0.250724	0.130132	0.023316	0.066792	-0.002984	16.655003	47.095608	230.5	137.639609	10
0	0.427919	0.150675	0.000243	0.000015	0	-0.000005	0	8.35629	32.868073	109	106.568542	9
0	0.806302	0.600371	0.075346	0.060654	0.004099	0.045721	0.000094	5.366563	35.777088	82	88.08326	6
0	3.72101	13.608155	5.601925	5.376494	29.506379	19.531972	-0.076228	2.753239	33.605717	23.5	74.183766	3
0	0.481192	0.129781	0.042416	0.016732	0.000427	0.005792	0.000127	37.067879	89.748322	1193	465.84776	24
0	0.906893	0.770466	0.163522	0.132425	0.019485	0.115722	-0.000283	18.119946	98.730469	788.5	254.12489	13
0	4.304974	17.864443	10.515276	8.084562	74.444078	31.832108	-3.79962	14.374825	117.552345	315	281.539104	15
0	0.954693	0.878217	0.000037	0.000006	0	0.000005	0	5	39	141.5	85.899495	3
0	3.10897	9.54242	4.787811	4.332142	19.72854	12.957613	0.222235	6.06119	82.297485	144.5	173.698484	4
0	0.550523	0.273313	0.006064	0.005218	0.000029	0.002727	0	10.213243	55.522903	323.5	145.296463	10
0	0.38339	0.116386	0.003996	0.001528	0.000004	0.000435	0.000001	8.875203	32.72731	191.5	83.982755	4
0	1.187094	1.122585	0.146412	0.034634	-0.001344	-0.019489	-0.002068	27	63	349	216.769552	6
0	0.32991	0.078305	0.003955	0.001699	0.000004	0.000413	-0.000001	7.614537	30.25235	108	75.112698	6
0	1.427288	1.914568	0.038759	0.030642	0.001055	0.037788	0.000036	9	60	206.5	157.982755	9
0	1.439275	2.014657	0.287948	0.290847	0.084169	0.409478	0.000277	5	42	65.5	97.698484	8
0	0.468309	0.084312	0.037562	0.009806	0.000076	-0.00011	-0.000172	21.091537	52.537102	347.5	339.546244	30
0	0.746681	0.244406	0.063707	0.097566	0.006979	0.048208	0.003234	23.696579	56.6749	273	282.450791	21
0	0.554411	0.202088	0.027427	0.003353	-0.000032	-0.001438	0.000004	12.441586	40.481586	108	168.651802	18
0	3.479131	11.860077	4.870221	4.499082	21.060045	15.474933	0.043803	5.09117	45.396263	50.5	112.04163	5
0	1.574484	2.431433	0.001854	0.000871	0.000001	0.001033	0	3.743102	39.770458	59	87.254833	3
0	0.515565	0.182546	0.028563	0.014666	0.000298	0.005845	0.000038	35.174393	101.480896	1363.5	339.178713	27
0	0.737269	0.403831	0.077313	0.054613	0.003428	0.032781	-0.000918	35.805138	118.893021	1401	577.906635	27
0	1.101077	1.169368	0.020199	0.016951	0.000314	0.018262	0.000004	5	40	135.5	89.899495	4
0	3.294698	10.726927	3.526251	3.019183	9.848838	9.399204	0.217375	5.52268	83.292877	144	174.627417	4
0	0.452494	0.174279	0.004399	0.001848	0.000005	0.000518	0.000002	11.884245	56.995872	380.5	153.639609	9
0	1.102445	1.108695	0.038872	0.007381	-0.000025	-0.002099	-0.000123	19	63	329.5	184.870057	6
0	0.290441	0.022288	0.019375	0.002206	0.000008	0.000179	-0.000012	20.263821	31.946533	268	107.053823	8
0	1.612893	2.468314	0.02607	0.005426	0.000035	-0.000094	0.000054	9.580513	58.930496	202	157.88225	9
0	0.414944	0.124797	0.003928	0.00291	0.00001	0.000889	0	12.527508	45.520741	246.5	192.693432	18
0	0.720705	0.43435	0.030275	0.004164	-0.000002	-0.001284	0.000047	11.493916	50.477451	165	169.88225	10
0	1.785572	3.086152	0.682139	0.628028	0.411059	1.103144	-0.000699	6.166418	43.850079	80	111.396969	7
0	0.527916	0.227581	0.012548	0.002537	0.000009	-0.000129	0.000011	13.505686	64.077637	355.5	216.066015	11
0	0.87863	0.684807	0.059308	0.021436	0.000745	0.015112	0.000171	36.98682	152.082535	1833	481.303604	31
0	0.753673	0.417321	0.342419	0.234796	0.066526	0.151677	0.002559	19	67	383.5	254.669047	15
0	1.157474	0.667615	0.061991	0.080028	0.002043	0.036598	-0.005254	48.325424	123.981667	1001	560.676187	23
0	1.062286	1.08975	0.00149	0.001206	0.000002	0.001094	0	5.218644	40.083633	141	89.313708	4
0	3.393564	11.392254	6.262345	5.791426	34.876609	19.053429	0.265227	5.52268	87.276459	147.5	182.04163	5
0	1.062601	1.09282	0.003884	0.00171	0.000004	0.001489	-0.000001	11	62	315	149.79899	5
0	1.414968	1.82945	0.808822	0.898194	0.765492	1.204155	-0.010541	9.511997	54.814266	154	147.396969	8
0	0.829247	0.619179	0.007958	0.002626	0.000011	0.001527	0.000004	6.379052	34.946114	91.5	102.811182	8
0	0.903859	0.731852	0.079406	0.051379	0.003264	0.035559	-0.000337	11.351083	49.699333	142	217.88225	15
0	0.570732	0.295549	0.001156	0.000795	0.000001	0.000428	0	6.168086	30.883867	114.5	72.04163	5
0	2.333688	5.349442	0.130847	0.093364	0.010288	0.195382	-0.000805	3.245945	31.111135	36.5	75.213203	4
0	0.515562	0.216559	0.044843	0.031087	0.00116	0.01437	0.000028	8.497058	33.988232	117.5	108.811182	7
0	0.865682	0.681089	0.039129	0.011279	0.000204	0.004073	0.00012	25.766928	152.253891	1534.5	445.345234	15
0	1.601428	2.470282	0.391845	0.327174	0.117101	0.481969	-0.003243	3.352392	31.608271	31.5	71.355338	3
0	0.551045	0.269853	0.004748	0.000853	0.000001	-0.000033	0.000002	10.751743	68.937645	335.5	161.639609	6
0	0.832683	0.659876	0.007223	0.003532	0.000017	0.002332	0.000004	8.877545	63.62241	286	141.740114	5
0	0.695751	0.344405	0.256139	0.165472	0.034059	0.097099	0.000726	20	73	454	269.396969	14
0	1.227753	0.667517	0.161505	0.129419	0.018491	0.028469	-0.002859	54.30743	146.393234	1288	703.528999	35
0	1.019281	1.000036	0.049545	0.044029	0.002056	0.044026	0.000002	6	45	181.5	101.556349	4
0	1.74622	2.794412	0.330871	0.334035	0.111048	0.556582	0.000627	11.973423	93.32618	320	336.568542	13
0	0.862838	0.707786	0.173853	0.158038	0.026196	0.132953	0.000005	3	32	46.5	68.242641	3
0	0.534012	0.218804	0.02875	0.018824	0.000438	0.007011	-0.000003	8.905881	36.122253	127	104.426406	4
0	0.510999	0.233246	0.001488	0.000844	0.000001	0.000348	0	5.828276	30.973125	132.5	70.384776	4
0	1.787725	3.128736	0.064217	0.059854	0.003711	0.104011	0.00001	8.597853	82.927681	275.5	217.663994	7
0	0.723254	0.477972	0.033486	0.00494	-0.000003	-0.001637	0.000063	10.94425	79.056274	282.5	183.92388	8
0	0.705494	0.435431	0.061219	0.042073	0.002135	0.026754	0.000042	8.060678	37.190849	106	108.225396	6
0	0.83826	0.609222	0.200068	0.101132	0.014104	0.062748	0.002832	12.573357	71.28624	274.5	204.752307	13
0	2.772669	7.629286	0.012806	0.006667	0.00006	0.013567	-0.000013	4.506173	66.04129	155.5	140.04163	6
0	0.766071	0.432938	0.368723	0.256336	0.078802	0.168607	0.000903	20	75	458	270.225396	16
0	1.272108	0.514061	0.451671	0.118667	-0.026487	-0.056417	-0.007296	69.915413	151.428879	1478.5	764.600067	39
0	1.008271	0.978482	0.014642	0.012051	0.00016	0.011882	-0.000002	6.254355	45.11338	189	101.313708	4
0	3.906375	15.100981	3.95821	3.278003	11.802358	12.016882	0.353428	6.06232	95.253159	171.5	200.526911	5
0	0.370919	0.102413	0.015859	0.008225	0.000093	0.002335	-0.000012	7.462523	31.016111	133	69.79899	4
0	0.58189	0.307937	0.001713	0.001389	0.000002	0.000754	0	6.1493	32.975624	140.5	78.04163	5
0	1.599886	2.519457	0.028002	0.026876	0.000737	0.042454	-0.000005	5.824352	70.446922	252	167.622364	6
0	0.803746	0.516476	0.742183	0.648066	0.449442	0.465623	0.0032	5.813776	48.299068	59	141.681239	6
0	0.703738	0.441394	0.073926	0.056524	0.003654	0.037256	0.000029	7.994903	33.835571	102.5	93.639609	7
0	0.608924	0.342146	0.006087	0.005147	0.000029	0.002984	0	4.706787	32.163048	81	68.970562	4
0	0.719161	0.484542	0.000442	0.000188	0	0.000131	0	8.515941	65.413071	254	149.539104	5
0	3.025782	9.089113	0.118548	0.114729	0.01338	0.340568	-0.000041	4.497213	69.180916	164.5	146.04163	5
0	0.372792	0.105716	0.003167	0.001394	0.000003	0.000321	0.000001	11.101061	39.714687	257	94.769552	6
0	0.840468	0.557276	0.481965	0.359401	0.149498	0.268275	0.00499	20	75	447	286.568542	15
0	1.702262	0.766804	0.626615	0.829535	0.512836	0.471277	-0.307714	70.975784	153.193268	1136	715.73001	34
0	1.136295	1.24921	0.003983	0.002478	0.000008	0.002763	0	6	45	174	101.313708	4
0	3.921085	15.208064	2.154358	1.431032	2.500097	4.832701	0.250891	6.440784	97.328636	199.5	204.870057	5
0	0.537567	0.259021	0.001855	0.001174	0.000002	0.00055	0	6.328994	33.976704	157.5	79.698484	5
0	0.538644	0.224973	0.110951	0.087336	0.008597	0.040153	0.000021	9.994629	44.975834	103.5	147.237588	12
0	3.153851	9.867003	4.16582	4.108491	16.997055	12.872138	-0.00833	5.381162	74.997307	137.5	170.208151	7
0	2.4561	5.891807	2.087518	1.902648	3.791675	4.554082	-0.037867	4.714952	41.325161	58.5	109.781745	6
0	0.547654	0.271731	0.005203	0.00444	0.000021	0.002315	0	5	32	79	68.142135	4
0	0.53979	0.255471	0.002191	0.000451	0	-0.000006	0	7.007816	38.905464	101	107.539104	9
0	0.512364	0.233052	0.002612	0.001995	0.000005	0.000936	0	10.186413	67.230324	306	150.710677	7
0	2.416161	5.789538	0.008643	0.007438	0.00006	0.017564	0.000001	5.201035	73.099472	192.5	156.526911	6
0	0.8439	0.552291	0.500349	0.360406	0.152959	0.267804	0.005189	21	80	476	301.396969	15
0	1.568129	0.944639	0.26224	0.085907	-0.002633	-0.080921	0.012623	71.868134	159.283493	1423.5	860.884338	40
0	1.169704	1.327924	0.050459	0.044934	0.00214	0.05178	-0.000001	5.999999	50.999992	205.5	112.727922	3
0	4.597117	20.930909	2.871797	1.803322	4.072906	7.020338	0.502653	6.89543	104.306091	192	219.112698	4
0	0.531348	0.252511	0.001354	0.000479	0	0.000132	0	6.687364	33.936447	153	81.455844	5
0	0.334102	0.077108	0.000781	0.000054	0	0.000007	0	9.984604	43.821316	208.5	129.095453	7
0	0.522972	0.245298	0.002048	0.001439	0.000002	0.000681	0	5.190282	31.252127	82	70.627417	4
0	0.745558	0.483856	0.057729	0.063205	0.003818	0.043961	0.000028	7.068228	41.563599	91	134.994948	10
0	0.629136	0.342727	0.039971	0.023973	0.000737	0.011205	0.00009	14.042601	79.844315	442	203.279218	11
0	2.46672	6.034248	0.000577	0.000432	0	0.000813	0	5.272282	73.099472	198	159.112698	5
0	0.932382	0.673932	0.618172	0.433977	0.22466	0.355536	0.007288	21.183928	88.984123	491.5	321.639609	16
0	1.606585	1.116578	0.16982	0.093727	0.007525	-0.060849	0.009122	72.65377	164.864761	1466	918.440687	42
0	1.344984	1.767063	0.121814	0.115159	0.013639	0.15308	0.000011	6.330892	58.060936	220.5	124.384776	4
0	5.016418	24.933959	2.930443	1.614423	3.452753	6.433841	0.639632	6.801201	112.35585	210	234.284271	4
0	2.729625	7.344146	3.203997	3.10243	9.78134	8.403029	0.016978	3.297949	39.115215	40	88.225396	2
0	0.558943	0.281822	0.001708	0.000225	0	-0.000066	0	6.767343	34.890644	163.5	84.870057	6
0	0.744353	0.49625	0.046648	0.037355	0.001558	0.025914	-0.000055	9.152554	53.80592	206	179.279218	15
0	0.423151	0.125083	0.006759	0.002816	0.000012	0.000556	0	20.523907	69.892227	644.5	219.865005	11
0	0.580193	0.303533	0.001929	0.001552	0.000003	0.00085	0	5	31	65	66.142135	4
0	2.554216	6.4711	1.376001	1.374937	1.891182	3.497534	-0.001162	4.540937	76.095108	174	167.941125	5
0	1.115658	1.095138	0.94204	0.807484	0.704254	0.837787	0.003906	15	90	427	265.396969	13
0	1.743385	2.952272	2.985904	2.837976	8.261341	4.874908	-0.012157	5.137037	43.284286	79.5	95.556349	3
0	1.859276	1.603817	0.457515	0.097634	-0.019765	-0.067081	-0.005929	74.756248	194.227097	1506.5	1136.707713	56
0	1.323744	1.717081	0.141846	0.137057	0.01911	0.17955	-0.000007	6.273039	64.054977	244	136.970562	4
0	6.07623	36.670637	2.946418	1.335319	2.534638	5.689545	0.768739	6.839716	123.47113	218.5	259.355338	7
0	0.677664	0.429314	0.010479	0.009173	0.00009	0.005999	0	4.83188	31.062082	101.5	69.899495	4
0	0.514526	0.233957	0.003358	0.00168	0.000004	0.000664	-0.000001	8.25377	37.915756	202.5	87.698484	5
0	0.477326	0.199502	0.002324	0.001854	0.000004	0.000825	0	6	31	102	67.79899	4
0	1.042453	1.038512	0.170072	0.155132	0.025198	0.158069	-0.000161	9.707253	67.118729	316	149.338094	5
0	0.693199	0.376282	0.074594	0.045786	0.002663	0.027206	-0.00026	13.976374	53.288013	219.5	206.00714	14
0	0.615812	0.345591	0.003328	0.002805	0.000009	0.001638	0	6.048368	32.708164	81.5	72.384776	4
0	1.106615	1.192046	0.007233	0.003854	0.00002	0.003372	0.000004	3.223227	34.207794	56	72.970562	3
0	0.449189	0.173879	0.00096	0.00072	0.000001	0.000286	0	5.813776	30.410522	110.5	71.355338	4
0	2.916197	8.430666	1.300945	1.304088	1.698593	3.785721	-0.002089	5.623796	81.098289	171	191.597979	8
0	0.916784	0.806479	0.004782	0.000851	0.000001	-0.000072	0.000002	3.726206	32.359158	57	70.627417	3
0	1.166763	1.206315	1.108044	0.958328	0.987514	1.045121	0.005419	15	95	461.5	271.154328	13
0	1.945916	3.713281	2.14614	2.040755	4.270857	3.932199	-0.004267	5.126365	43.171089	75.5	94.727922	3
0	2.009965	1.74004	1.362017	0.495577	0.060774	0.246779	-0.402592	77.505646	181.547256	1382.5	922.198046	36
0	1.434392	2.019547	0.060955	0.058616	0.003504	0.083299	-0.000003	6.281124	68.027405	269	146.970562	5
0	6.176761	37.863414	6.621717	4.311721	22.904867	23.037552	2.481293	6.929199	130.362885	221.5	273.355338	5
0	0.625137	0.362349	0.008569	0.007206	0.000057	0.004338	0	5	32	112.5	71.071068	4
0	0.403879	0.134576	0.001822	0.001175	0.000002	0.000416	0	6.788225	32.526913	109	70.627417	4
0	1.146148	1.206664	0.027261	0.021097	0.000506	0.022712	0.000001	8.099382	49.435867	146	177.622364	15
0	0.503175	0.222548	0.000491	0.000393	0	0.000185	0	6	34	90	73.79899	4
0	1.500721	1.957614	0.167306	0.018355	0.000094	-0.014914	-0.001013	14.868111	88.968864	303.5	277.154328	11
0	1.031331	1.029536	0.002659	0.001482	0.000003	0.001317	0	4.109975	40.44215	80	91.455844	5
0	1.313326	1.550867	1.542839	1.365537	1.982005	1.693252	0.014127	14.999998	101.999985	500	296.568542	15
0	2.088628	4.286824	1.704272	1.614018	2.676899	3.341677	0.000229	5.041906	43.284286	71.5	96.384776	3
0	2.128899	2.51989	0.78618	0.184389	-0.024825	0.015019	-0.065668	82.372986	227.118225	1746	1260.548332	54
0	1.648082	2.676795	0.055099	0.053617	0.002914	0.087721	-0.000003	6.2819	76.024193	289.5	164.384776	6
0	7.112564	50.27051	3.589383	1.125267	1.894746	3.6909	1.234602	7.294439	145.308029	261	304.769552	6
0	0.810419	0.626471	0.008709	0.007605	0.000062	0.005951	-0.000001	5.521078	40.044437	145	88.970562	4
0	0.402043	0.131564	0.002965	0.001934	0.000005	0.000658	0	7.209471	31.36887	108.5	72.04163	4
0	3.376516	11.298781	0.028649	0.039888	0.001347	0.132976	0.000057	3.328201	46.872162	50.5	104.953318	4
0	0.515791	0.236204	0.000712	0.000517	0	0.00025	0	5	33	94	71.79899	4
0	1.213026	1.424722	1.103729	1.09509	1.203943	1.307118	-0.000848	6.314817	65.428528	170.5	144.066015	5
0	0.824099	0.415486	1.317113	1.128542	1.371327	0.726494	-0.112136	11.698807	42.524231	91.5	185.865005	21
0	0.645707	0.388388	0.002274	0.001506	0.000003	0.000859	0	4.447074	34.275013	77	75.455844	3
0	3.39418	11.04243	6.609583	5.027463	28.950387	15.868425	-1.327422	13.492585	107.45327	270	312.852812	14
0	1.950259	3.743269	0.055582	0.015976	0.000376	0.013589	0.000293	2.806608	33.136078	30	74.970562	3
0	1.434685	1.855751	2.090359	1.860624	3.669315	2.525088	0.028695	15	104	455.5	308.811182	16
0	1.811752	3.237074	0.160558	0.157527	0.025052	0.283206	0.000018	6.999999	79.999985	270.5	170.04163	6
0	0.613997	0.337064	0.031221	0.018516	0.000443	0.009971	-0.000047	5	33	76.5	72.727922	3
0	1.350477	1.723321	1.699036	1.520588	2.444093	1.995376	0.005306	10	58	152	148.284271	5
0	0.566284	0.292639	0.006837	0.004918	0.000028	0.00253	0.000002	5	34	137	74.485281	4
0	1.798861	1.335915	1.26318	0.190526	-0.093285	-0.173216	-0.005848	98.635635	206.640259	1856	1187.57777	54
0	8.511206	72.16632	6.490095	6.237051	39.681946	52.351279	-0.105124	7.190187	167.408875	302.5	353.497474	7
0	1.713552	2.89245	1.164713	1.133739	1.302803	1.927496	-0.000737	5.322099	61.071598	179.5	131.556349	4
0	0.844028	0.53579	0.097144	0.166108	0.021095	0.121107	0.000473	7	31	91.5	113.556349	6
0	0.607834	0.332693	0.060616	0.048915	0.002664	0.028211	-0.000007	6	32	118.5	73.071068	3
0	0.810436	0.549582	0.000146	0.000034	0	-0.000008	0	7	33	130.5	91.899495	9
0	0.641253	0.279542	0.03496	0.04858	0.001997	0.025622	0.000148	8	34	132	134.970562	8
0	0.589464	0.312194	0.042033	0.032792	0.001217	0.018317	-0.000006	7	35	147	80.485281	3
0	0.658197	0.392162	0.013084	0.008255	0.000086	0.004961	-0.000004	11.371354	61.294369	339.5	149.095453	7
0	0.668269	0.376809	0.006483	0.009059	0.000068	0.005558	0.000014	14.567142	56.119915	258.5	241.119838	19
0	0.88218	0.734191	0.060069	0.060655	0.003661	0.050636	0.000002	6.677986	40.915913	134	98.911687	6
0	1.797814	3.202027	0.018751	0.018338	0.00034	0.032726	0.000001	5.229582	80.98085	227.5	185.92388	5
0	2.091178	4.330695	0.223779	0.220582	0.049008	0.459024	0.000019	9	112	418.5	241.355338	7
0	0.518655	0.238104	0.005843	0.004793	0.000025	0.002328	0	5.521577	32.687737	86	72.284271	4
0	2.860608	7.219852	13.360017	12.848925	168.339185	34.434459	-1.552801	38.101231	197.970932	828	697.161468	22
0	2.289521	5.205308	0.085988	0.084694	0.007228	0.193089	-0.000003	3.619276	62.047585	119	129.79899	3
0	0.432345	0.158128	0.002017	0.000971	0.000001	0.000295	0	8.206527	40.188965	208	99.941125	5
0	0.518285	0.208481	0.08966	0.061696	0.004577	0.027354	0.000323	28	98	1075	269.480229	12
0	1.304905	1.668786	0.000009	0.000002	0	0	0	6.427819	68.665436	254.5	151.012193	5
0	11.480279	131.362784	210.419998	211.208801	44525.778528	2420.100744	2.875633	8.592182	233.052597	383	489.88225	7
0	2.240113	4.790177	2.293459	1.407843	2.506758	2.571309	0.340265	21.488756	189.804947	938.5	547.261974	21
0	1.033384	1.029717	0.020182	0.005605	0.000047	0.001905	0.000037	6.529588	65.55027	217	157.539104	6
0	3.394795	11.478734	0.538661	0.536994	0.28881	1.819193	0.00001	2.209055	47.256454	53	99.313708	2
0	1.199784	1.407751	0.000683	0.000311	0	0.000251	0	6.966329	80.528679	319.5	209.521859	7
0	1.581968	2.448018	0.049535	0.043419	0.002013	0.066754	0.000041	15.678782	110.330223	636	285.96551	17
0	0.305475	0.060346	0.004613	0.00209	0.000006	0.000493	0	14.71135	49.155869	310.5	147.580734	9
0	2.28113	5.158165	0.284188	0.281553	0.079642	0.639452	0.000002	9	123	471.5	262.04163	7
0	0.746675	0.520178	0.051287	0.036338	0.001565	0.024445	0.000101	13.03303	88.984932	618.5	202.551297	6
0	0.483795	0.203533	0.001666	0.001238	0.000002	0.000558	0	7.17805	36.884136	115	84.426406	5
0	2.44228	5.933067	0.120147	0.115545	0.013614	0.279673	-0.000034	3.446228	69.09687	120	144.627417	3
0	1.131247	1.235439	0.047921	0.015488	0.000364	0.008809	-0.000213	7.147718	83.592422	275.5	188.066015	4
0	3.332206	9.837664	19.956863	18.672255	360.433192	58.173742	-3.143038	37.041431	188.685928	649	629.989895	20
0	0.478039	0.198209	0.006546	0.004271	0.000023	0.001842	-0.000001	9	43	215.5	106.526911	6
0	1.320211	1.711355	0.026811	0.02374	0.000599	0.030391	0.000008	2.733944	33.832561	47	73.112698	2
0	2.52158	5.996157	1.126854	0.712868	0.636713	1.712239	-0.05308	19.922346	125.226189	427	373.078208	14
0	1.292086	1.63618	0.000601	0.000458	0	0.000555	0	7.206038	83.27478	350.5	196.811182	8
0	8.325577	68.917855	54.400789	50.73884	2665.65589	411.827199	-17.45713	8.841217	188.07283	346	394.08326	5
0	1.380527	1.872933	0.190903	0.182821	0.034154	0.249898	-0.00005	3.946761	49.027534	106.5	107.355338	3
0	2.702129	7.254889	1.902969	1.870254	3.528311	5.03066	-0.001914	2.279166	38.59877	35.5	83.698484	2
0	0.445646	0.161611	0.030093	0.023193	0.000613	0.009323	-0.000007	7.27948	31.512487	114	73.455844	5
0	0.792516	0.58905	0.012663	0.010792	0.000126	0.008239	-0.000001	11	56	297	171.539104	15
0	3.025603	9.118101	0.374453	0.371224	0.138405	1.119838	0.000023	2	40	34	83.313708	2
0	1.303965	1.655895	0.193397	0.191814	0.036944	0.246829	0.000009	9	83	289.5	181.213203	7
0	0.399264	0.128811	0.000425	0.000165	0	0.000052	0	6.945945	32.000961	115	72.284271	4
0	1.128889	1.154869	0.175472	0.057247	0.005148	0.030515	0.002533	9.984604	77.380676	232	203.7645	8
0	1.040589	0.975799	1.219054	1.128889	1.324254	1.114744	-0.011814	8.333179	51.049667	123.5	140.752307	10
0	1.679954	2.786732	0.332603	0.327967	0.10832	0.546527	-0.000069	6.193612	87.725914	283	215.137083	8
0	0.485234	0.203625	0.006949	0.002813	0.000012	0.000939	-0.000004	9	44	225	105.597979	4
0	2.30179	4.738093	8.372803	7.550816	60.037951	15.640051	0.083507	24.954576	151.776413	563.5	467.948265	17
0	1.288227	1.631941	0.000567	0.000381	0	0.000421	0	5.756555	80.963173	309	175.195958	4
0	1.167417	1.327756	0.023207	0.022007	0.000497	0.025211	-0.000001	7.56634	83.409889	336.5	208.953318	7
0	2.332024	5.402724	0.31335	0.293229	0.088883	0.673992	-0.000467	5.308826	108.043785	281.5	246.208151	8
0	2.763384	4.500137	48.212081	37.845505	1613.471663	72.976295	-100.33183	69.340103	231.802399	1178	582.936073	11
0	1.245508	1.365849	0.026877	0.091577	0.004531	0.106818	-0.00034	20.948425	86.305511	496.5	316.350286	28
0	2.196499	4.432271	1.90176	0.894459	1.132946	1.556661	0.27815	16.597063	111.459343	339.5	310.409161	7
0	0.631736	0.360658	0.082305	0.067232	0.005001	0.040376	-0.000003	8	46	170	103.313708	3
0	0.607682	0.335641	0.006229	0.000798	-0.000001	-0.000287	0.000002	8.072545	40.277153	181	103.254833	6
0	1.251061	1.463177	0.222189	0.127981	0.021339	0.112021	0.003225	22.615486	124.213448	622.5	339.261974	13
0	0.909295	0.797201	0.012218	0.010189	0.000114	0.008868	0.000002	8.043153	77.380676	364.5	171.379724	4
0	1.12966	1.241168	0.02513	0.023598	0.000575	0.026007	-0.000002	7.844476	83.62426	358	207.681239	6
0	0.671959	0.404023	0.029817	0.007717	0.00009	0.002017	-0.000075	12.238956	66.766998	362	155.396969	7
0	1.889823	3.532878	0.29142	0.289797	0.084217	0.542367	0.000031	5.646177	103.469467	254	262.936073	9
0	2.39775	3.044864	29.760667	22.072236	563.780539	32.655248	-46.635419	70.380241	215.211243	1119	547.622364	9
0	2.267437	4.873682	3.953459	3.616562	13.674404	7.972018	-0.143825	5.923078	37.692314	46.5	92.183766	4
0	1.365648	1.835542	0.040483	0.038097	0.001496	0.051323	-0.000006	4.803128	62.066395	168	133.112698	3
0	0.251987	0.03148	0.003305	0.000766	0.000001	0.00013	0	16	34	324	91.79899	5
0	2.172797	4.687444	0.208649	0.205323	0.042498	0.444523	0.000005	4.791827	76.533432	178	171.053823	4
0	0.748291	0.528969	0.002207	0.001847	0.000004	0.001313	0	7.901857	55.255737	252.5	125.154328	6
0	2.785282	7.714643	0.284243	0.279414	0.078744	0.773438	-0.000051	1.38675	44.653366	19	94.710677	2
0	0.713706	0.478269	0.011674	0.008435	0.000084	0.005528	0.000004	12.16825	82.409317	570.5	206.350286	11
0	1.318299	1.628997	0.154938	0.056739	0.004784	0.04576	-0.002327	17.730316	97.041824	590.5	269.320849	13
0	0.621254	0.350775	0.010205	0.009965	0.0001	0.005838	0.000002	7.754917	54.360443	189.5	137.639609	6
0	1.619352	1.183931	5.403801	2.880146	11.089753	1.526339	-2.474327	56.040211	139.136642	738.5	366.468036	6
0	1.047899	0.836561	0.018056	0.006296	0.00004	0.005545	0.000054	28.656034	75.32354	436.5	287.320849	11
0	0.692889	0.426491	0.076671	0.063667	0.004447	0.039875	0.000081	8.620436	46.263016	138	148.994948	8
0	0.940859	0.375399	0.760836	0.26236	0.112669	0.157939	-0.032338	27.144562	75.632202	294	251.7645	13
0	0.570317	0.293254	0.007166	0.000769	-0.000002	-0.000405	0.000001	5.829424	45.878899	125	108.08326	3
0	1.759843	2.975959	3.929998	3.81486	14.771104	6.577745	0.034044	17	113	597	298.024385	13
0	1.105879	1.171005	0.085006	0.066395	0.004986	0.068711	0.000136	8.861898	84.81115	266	213.480229	8
0	0.383961	0.114084	0.004752	0.000556	0	-0.000117	0.000001	13.826149	43.735775	326	121.88225	10
0	1.355842	1.07588	1.332003	0.481646	0.340351	-0.002962	-0.181634	42.947781	101.356758	522	271.254833	5
0	0.652365	0.08105	0.202171	0.034128	0.001845	0.00432	-0.002152	30.951941	63.281879	305.5	280.634557	25
0	0.820434	0.63584	0.018188	0.021998	0.00044	0.017509	0.000006	12.399348	108.494286	624.5	287.605119	16
0	1.647463	2.667173	1.707126	1.634208	2.729561	2.660619	0.005959	6.462806	80.130859	208	172.308656	3
0	0.370743	0.075296	0.028862	0.020514	0.000499	0.005452	-0.000018	14.175829	30.746225	166	88.627417	8
0	1.660712	2.643373	0.085845	0.057772	0.004051	0.081629	0.000373	9.623493	76.171188	305	215.539104	12
0	0.422075	0.066721	0.032355	0.000338	-0.000001	-0.000074	-0.000001	37	51	500.5	197.781745	10
0	0.352058	0.050249	0.020178	0.001431	0.000006	0.000057	-0.000005	28.536585	63.804874	666.5	209.72287	12
0	1.129552	1.186912	0.034974	0.004322	-0.000039	-0.004605	-0.000036	20.560001	78.040001	416.5	190.04163	5
0	0.736271	0.396155	0.035678	0.01289	0.000266	0.00765	0.000075	12.758104	30.785864	142.5	122.468036	13
0	0.531361	0.251281	0.003094	0.000312	0	-0.000154	0	10.816653	59.907623	383	149.338094	9
0	0.355765	0.065503	0.064035	0.05176	0.002956	0.012954	0.000377	17.76675	47.980263	247.5	131.296463	8
0	2.214101	4.688313	19.229215	18.95147	361.780127	41.012028	-0.497682	8.23619	72.074913	114	212.735062	18
0	0.892341	0.751258	0.50019	0.481125	0.236023	0.41698	0.000313	6.250498	58.28167	127.5	129.84062	7
0	0.576549	0.3002	0.040414	0.036484	0.001401	0.019756	0.000008	7.334304	48.030746	155	107.941125	5
0	0.429743	0.119155	0.016078	0.008758	0.0001	0.003021	0.000028	28.597082	85.04847	882	241.279218	16
0	0.349798	0.092749	0.002225	0.00081	0.000001	0.000185	0	8	32	136	74.284271	4
0	0.552384	0.262338	0.005064	0.000697	0	-0.000209	0.000001	16.546902	77.815163	536.5	221.92388	12
0	0.450856	0.173079	0.009991	0.008082	0.000073	0.003362	0.000001	8.202438	34.223969	146.5	82.870057	6
0	0.850989	0.107759	0.262691	0.027001	-0.002249	0.003567	-0.000337	68	87	1063	410.190906	11
0	2.509239	6.150472	0.129444	0.014717	-0.000593	-0.035676	-0.000247	7.071068	69.579315	165.5	195.639609	7
0	0.329572	0.079347	0.002496	0.000772	0.000001	0.000137	0	11.094005	37.164913	271	99.053823	5
0	1.25035	1.143813	0.666192	0.203546	0.058807	0.123465	0.046474	38.350735	101.738274	641.5	342.409161	20
0	0.378059	0.096586	0.00155	0.003751	0.000009	0.001165	0	12.912306	51.836357	264	138.225396	10
0	1.115236	1.188685	1.995588	1.945033	3.832002	2.120557	0.001661	6.779943	64.625839	147	148.911687	6
0	0.762731	0.50726	0.223845	0.166776	0.032221	0.117969	-0.000429	4.138029	30.455896	33	75.597979	4
0	0.442116	0.13422	0.022544	0.010683	0.000164	0.003861	0.000022	26.346195	80.475647	825.5	240.00714	15
0	0.378702	0.111202	0.002013	0.000441	0	0.000054	0	9	36	144	92.426406	7
0	1.084842	1.091776	0.471875	0.436581	0.198157	0.444987	0.000451	18.376274	123.201248	803.5	323.036578	14
0	0.654457	0.398502	0.005078	0.003837	0.000017	0.00231	0.000001	7.924168	48.421238	178.5	108.183766	4
0	1.005002	0.09181	0.294643	0.098835	-0.016738	0.01517	0.002075	71	100	1115	465.161468	11
0	2.705579	7.221787	3.557346	3.515132	12.430119	9.439989	0.011494	7.239974	91.115318	257	244.367531	7
0	0.409885	0.13155	0.028396	0.020627	0.000499	0.007475	0.000007	9.707254	33.004662	150	80.911687	4
0	0.678938	0.403847	0.033151	0.005082	0.000007	-0.001346	-0.000066	8.802821	52.401699	163.5	134.669047	7
0	0.495754	0.173938	0.03693	0.032667	0.001128	0.013498	0.000119	10.816654	37.164913	126.5	97.012193	5
0	0.649762	0.358945	0.05035	0.054811	0.002876	0.032227	0.000135	7.866256	48.035149	133.5	133.92388	12
0	0.448934	0.169259	0.010624	0.004781	0.000033	0.001573	-0.000008	7.470588	41.117649	165.5	101.154328	6
0	0.355645	0.09625	0.00387	0.000638	0	-0.000011	-0.000001	17.191761	75.56604	804	169.681239	4
0	0.307441	0.05817	0.000864	0.000203	0	0.000021	0	11	31	182.5	100.325901	10
0	1.637783	2.58414	1.107521	1.006947	1.063369	1.617443	-0.002969	6.171981	46.679352	96.5	113.355338	7
0	0.587059	0.314835	0.005215	0.003927	0.000018	0.0021	0.000001	6.987879	44.714104	152	97.941125	4
0	1.014349	0.95673	0.303336	0.286524	0.08447	0.274311	0.00024	18.990669	129.190216	882.5	385.462984	14
0	0.76832	0.546513	0.074618	0.059223	0.003937	0.043634	-0.000006	6.324555	36.049961	82	84.769552	4
0	0.463324	0.185319	0.005789	0.00398	0.000019	0.00167	0.000001	6.640783	34.468822	142.5	80.526911	4
0	1.239171	0.309567	0.2648	0.40397	0.009167	0.191857	-0.131806	71.277702	119.035637	1064	501.646749	12
0	1.497243	2.209075	0.031008	0.029071	0.000873	0.043195	0.000001	3.565368	41.735775	91	90.970562	3
0	2.661747	7.004456	1.708177	1.711008	2.925124	4.525025	0.003025	8.230695	112.532974	328	297.480229	7
0	0.588157	0.303905	0.022541	0.017505	0.000347	0.009565	-0.000015	6.455945	32.142365	87.5	86.669047	5
0	0.390903	0.027501	0.028388	0.000732	-0.000001	0.000082	0.000003	27.65131	60.033333	530.5	230.610172	9
0	0.506952	0.218834	0.010607	0.001739	0.000002	-0.000016	-0.000007	8.043153	44.098667	157	112.367531	6
0	0.784869	0.532168	0.096288	0.072908	0.006103	0.047175	-0.000253	12.945327	57.452835	258.5	168.267026	13
0	1.263634	1.512588	1.005603	0.902586	0.859871	1.104677	-0.006641	8.294812	53.916279	158.5	132.325901	9
0	0.529798	0.252616	0.001173	0.000941	0.000001	0.000463	0	6.95701	42.058292	152	91.112698	4
0	1.074602	1.095878	0.293872	0.285427	0.082665	0.296557	0.000175	17.762844	137.693619	1008.5	400.433546	19
0	0.696763	0.450735	0.032645	0.025762	0.000747	0.016351	0.000023	7.858711	50.695126	210.5	113.84062	6
0	0.980193	0.923627	0.064115	0.048247	0.002679	0.043319	-0.000145	5.696135	44.034603	138.5	98.384776	4
0	1.615272	0.702688	0.990793	1.411389	1.251903	1.123414	-1.103796	72.11631	148.367249	1132	583.445739	12
0	2.223107	4.910772	0.021002	0.018887	0.000376	0.040999	0.000005	3.552912	67.244904	161.5	144.526911	3
0	3.076707	9.363289	0.000167	0.000224	0	0.000643	0	10.036321	147.134811	550	443.84776	14
0	0.765318	0.537624	0.135791	0.105488	0.012616	0.072839	-0.000483	7.650229	41.447239	127.5	95.84062	5
0	0.616757	0.347355	0.042953	0.035108	0.001363	0.020369	-0.000023	5.547002	38.274315	106	87.396969	3
0	1.374272	1.800198	1.224407	1.115388	1.30347	1.495315	-0.002692	8.677218	55.100338	158	130.426406	5
0	0.590384	0.272537	0.01071	0.011901	0.000134	0.006031	0.000008	29.684566	135.061829	1445	623.955405	35
0	1.126409	1.226598	0.135261	0.114007	0.014153	0.121422	-0.000359	6	49	151.5	110.04163	6
0	1.134879	1.233832	0.54406	0.522785	0.278809	0.579299	-0.000174	9.306201	66.439209	243.5	159.639609	10
0	0.523599	0.246919	0.001365	0.001109	0.000001	0.000551	0	6.008327	33.520142	132.5	74.870057	5
0	1.992448	1.466039	3.276036	3.419938	10.590166	4.032132	-4.346059	72.437347	162.222137	1128.5	608.658942	12
0	2.827752	7.965266	0.086277	0.084103	0.007164	0.236436	0.000009	3.598165	87.812363	213.5	188.669047	4
0	1.537287	2.316955	0.380444	0.35798	0.132109	0.53852	0.000321	4.230144	50.653255	87.5	111.355338	3
0	3.131337	9.722048	0.388299	0.390884	0.152284	1.218588	0.000209	10.8294	168.957779	729.5	482.232536	12
0	0.416386	0.130535	0.000026	0.000135	0	0.000049	0	12.988644	47.559181	304	135.053823	10
0	2.144779	4.44006	2.539736	2.322297	5.639892	4.892612	-0.005489	7.61837	54.128963	109.5	141.982755	9
0	0.925353	0.821525	0.03123	0.02537	0.000714	0.022467	-0.000017	5.547002	53.251217	146	129.338094	6
0	1.074793	1.1145	0.076584	0.056037	0.003663	0.054676	-0.000236	6.126466	43.960075	110	96.627417	5
0	0.459649	0.162776	0.012638	0.010832	0.000127	0.004366	-0.000005	31.171722	122.862206	1531.5	392.031525	19
0	1.873689	3.464331	1.565542	1.529418	2.36658	2.84224	-0.002382	5.494422	79.394402	207	177.88225	6
0	0.725727	0.489378	0.056702	0.046198	0.002364	0.032279	0.000013	4.953801	38.905464	80.5	89.497474	3
0	1.110177	1.147588	0.102513	0.055534	0.004162	0.052515	-0.000482	12.943663	72.759087	288.5	194.325901	14
0	1.121334	1.051896	0.259576	0.114898	0.018973	0.089119	0.00581	23.85598	118.92907	876	621.043718	28
0	1.026948	1.011205	0.36034	0.330543	0.114077	0.332362	-0.000175	7.761139	54.813053	201	123.941125	3
0	0.945948	0.759601	0.74378	0.56638	0.367333	0.481706	0.014201	15.21186	66.239441	284	191.396969	10
0	3.432315	8.424144	27.781776	27.883978	774.699287	80.101607	-46.441081	64.466888	215.487717	1046.5	717.345234	18
0	0.507132	0.228742	0.0014	0.00099	0.000001	0.000471	0	7.054147	34.99136	192.5	83.213203	4
0	4.908907	24.022322	0.941993	0.724141	0.597329	3.329135	-0.029935	6.647828	140.018433	324	300.367531	6
0	0.934623	0.837742	0.129805	0.11942	0.014868	0.109302	0.000017	3.794733	35.101276	51	78.284271	3
0	3.807961	14.393585	0.190385	0.142949	0.023546	0.509278	0.001312	17.782925	206.850571	846	595.386864	20
0	0.476713	0.181985	0.003835	0.003236	0.000011	0.001339	0.000001	16	60	372.5	191.154328	13
0	4.124256	16.971488	0.73198	0.726043	0.529289	2.987177	-0.000129	2.59199	74.662796	111	157.455844	2
0	0.63663	0.369989	0.010217	0.004659	0.000031	0.002441	0.000007	9.534419	66.286911	339	172.450791	8
0	5.612262	31.43359	1.168097	1.094926	1.238252	6.041647	0.007347	2.080333	56.087418	48	119.941125	2
0	1.362044	1.711443	0.002918	0.00151	0.000003	0.001752	0.000001	7.060181	58.050377	167	248.225396	6
0	1.998088	3.821738	0.500621	0.496146	0.247268	0.968847	-0.000354	7.302886	57.254631	182.5	173.497474	11
0	1.618339	2.483111	0.075071	0.134977	0.013584	0.212126	0.000304	24.514345	152.073059	888	475.386864	20
0	1.358023	1.768429	0.014536	0.005048	0.000038	0.003072	0.000021	16	160	1126.5	497.521859	18
0	11.047363	121.46497	166.955563	169.281374	28458.644288	1865.578202	-3.000544	11.342824	237.29187	441.5	499.296463	8
0	8.303306	68.768161	25.798094	24.101773	600.977953	196.706659	3.81823	5.781564	161.100586	264.5	333.698484	4
0	0.550336	0.254569	0.015073	0.006617	0.000066	0.003325	-0.000004	14.060611	56.483673	392.5	181.355338	8
0	4.949374	24.458865	1.018432	1.014787	1.031641	5.018393	0.00003	2.478136	85.495682	122	182.426406	2
0	6.075604	36.868228	0.307074	0.288442	0.085843	1.723752	-0.000483	2.548573	94.334137	125	195.79899	2
0	0.866249	0.682382	0.008224	0.007377	0.000057	0.005464	0.000001	16.290379	110.233101	855	324.852812	13
0	1.160788	1.313309	0.03051	0.031024	0.000954	0.035405	0	7.032025	69.723206	274.5	168.208151	7
0	1.430598	2.005499	0.076334	0.074599	0.005629	0.104787	-0.00002	13.83374	142.85376	1050.5	368.031525	17
0	0.376146	0.103716	0.016453	0.012482	0.000179	0.003934	0.000003	5.876288	30.784733	64	86.426406	3
0	5.192389	26.9247	6.102699	6.069792	36.942105	31.479539	0.004422	4	151	356.5	312.870057	3
0	0.439866	0.165126	0.001015	0.000669	0.000001	0.000271	0	7	34	215.5	80.242641	4
0	5.526262	30.503425	3.808842	3.796019	14.434077	20.965278	0.000273	3.695273	141.086731	298.5	292.04163	3
0	1.284961	1.568915	0.019013	0.014437	0.000239	0.017945	-0.000013	17.679235	138.51297	1212.5	516.066015	21
0	2.770023	7.632105	0.001714	0.000706	0.000001	0.001213	0	2.325274	44.263245	58	93.313708	2
0	1.209672	1.408301	0.242749	0.20821	0.046803	0.246184	0.000746	11.318906	65.512459	230	178.936073	13
0	1.32624	1.716467	0.009971	0.012727	0.000143	0.016622	-0.000002	20.246555	144.776749	1201.5	390.516807	11
0	7.110006	50.437455	10.273992	9.330064	91.342171	64.641092	0.984714	6.34723	199.031403	433.5	412.183766	6
0	1.501687	2.224528	0.182934	0.175688	0.031496	0.262019	0.000014	7	96	503	203.656854	4
0	7.553212	56.875673	8.114935	6.470757	46.852359	45.876522	-1.864619	6.999999	189.999969	380.5	393.355338	5
0	2.127993	4.429954	0.053932	0.041295	0.001948	0.081607	0.000062	19.407591	237.342636	1915	903.93102	33
0	0.662665	0.404882	0.076494	0.06556	0.004643	0.041623	-0.00003	7.452414	50.20573	191	111.455844	3
0	2.418698	5.807593	0.048806	0.04848	0.002358	0.116809	0	3.349823	38.206093	53.5	83.556349	2
0	2.467961	6.053448	0.004762	0.004445	0.00002	0.010759	0	2.582426	46.265877	73	98.142135	2
0	1.31434	1.643508	1.359132	1.388193	1.906793	1.778989	0.005726	9.460039	76.507248	309	249.362479	17
0	1.282031	1.613126	0.000115	0.000118	0	0.000131	0	10.792887	152.879852	1205	374.558437	15
0	2.321935	5.344336	0.161632	0.160631	0.025883	0.371125	0.000002	8	117	453	249.79899	7
0	2.929957	8.49887	1.657304	1.525667	2.425957	4.414952	0.014639	5.380592	70.83522	99	155.88225	4
0	0.531566	0.107317	0.139268	0.05666	0.004881	0.018362	0.001229	68.999985	195.999969	2808.5	790.884338	30
0	10.561833	111.125042	62.379197	58.423418	3526.897733	603.737973	20.675844	7.573669	188.023209	302	388.769552	5
0	2.264332	5.035401	0.062669	0.06447	0.004098	0.144669	0.00004	16.996363	237.135452	2052	1063.386864	42
0	1.257288	1.551455	0.041632	0.040775	0.00168	0.050777	-0.000001	3.478505	47.434162	86.5	103.012193	3
0	0.582245	0.31058	0.000872	0.000124	0	-0.000032	0	7.889372	49.351059	314	110.627417	4
0	0.764777	0.534156	0.036569	0.021031	0.000583	0.015344	-0.00001	9.072746	51.358936	195	133.79899	5
0	1.341754	1.680141	0.004813	0.001434	0.000003	0.00067	0.000002	8.258809	51.940945	216	144.627417	12
0	1.023299	0.862206	0.00161	0.001257	0.000002	0.001149	0	8.295795	52.334625	159.5	207.355338	9
0	0.758892	0.527523	0.032883	0.019166	0.000481	0.013905	-0.000006	9.14188	52.297474	212.5	135.213203	4
0	1.251782	1.537452	0.000506	0.000612	0	0.000756	0	12.680623	147.267242	1298	348.274166	13
0	1.061697	1.088524	0.076526	0.069786	0.0051	0.072809	0.000024	10.261953	85.701187	428	219.078208	13
0	1.828734	3.304933	0.074994	0.073151	0.005418	0.132575	0.000003	7.76428	92.062172	339.5	197.012193	8
0	2.064009	4.216693	0.07872	0.076645	0.005953	0.157387	0.000002	8.21834	101.724426	381.5	219.355338	7
0	5.518183	27.394103	139.52831	116.012883	14750.419438	593.290141	-535.61099	37.085045	218.634048	720.5	514.835567	13
0	9.378482	87.495505	16.164469	14.142599	213.800408	126.829661	3.728166	8.786399	209.437866	334.5	438.12489	6
0	2.576435	6.520977	0.102677	0.017959	0.00021	-0.006121	0.000742	19.726574	239.000778	1679.5	995.026473	48
0	0.54149	0.257844	0.004987	0.001809	0.000005	0.000733	0.000002	14.884402	73.382591	626	190.994948	10
0	1.918179	3.643169	0.001315	0.001306	0.000002	0.002483	0	2.266115	31.777117	41	68.970562	2
0	2.064383	4.193704	0.337265	0.300171	0.095506	0.61345	-0.000663	4.730072	34.891964	54.5	78.384776	3
0	0.651926	0.34398	0.044275	0.018232	0.000515	0.01037	0.00006	19.117039	76.867561	509.5	267.237588	16
0	1.848071	3.363904	0.394263	0.38247	0.148521	0.701408	-0.000021	8.06914	85.142532	281.5	185.213203	7
0	0.431756	0.15874	0.000919	0.000778	0.000001	0.000309	0	6.324555	31.622774	103	69.455844	4
0	0.385374	0.107877	0.001381	0.00024	0	0.000043	0	23.502209	69.598587	684.5	221.320849	21
0	1.197192	1.043536	0.10908	0.011633	0.000119	0.009905	0.000397	52.336697	143.954391	1313.5	495.68838	19
0	2.979826	2.042201	0.993023	11.346848	35.766826	15.94547	13.094218	64.957642	127.015686	659.5	603.379724	12
0	0.977389	0.853014	0.033826	0.009902	0.000166	0.006723	0.000073	14	90	505	293.195958	11
0	0.523174	0.239976	0.03203	0.025855	0.000744	0.012602	0.000003	6.790998	34.68259	123.5	85.698484	4
0	0.719784	0.379009	0.088333	0.033079	0.001659	0.013666	-0.000667	19.468706	47.881016	315.5	161.012193	14
0	0.858871	0.664471	0.119536	0.089751	0.009287	0.072843	-0.000425	8.003675	43.65641	121.5	144.325901	10
0	0.451513	0.147051	0.003639	0.005544	0.000025	0.002067	0.000002	28.210257	98.382019	1546.5	400.835567	26
0	0.63729	0.337995	0.00414	0.001733	0.000004	0.000517	0.000002	18.464256	63.353256	418	211.88225	19
0	0.42739	0.150444	0.00118	0.0008	0.000001	0.000299	0	12.747548	45.30283	380.5	116.870057	8
0	0.532765	0.238666	0.018421	0.006455	0.000064	0.002213	-0.000029	19	71	696	190.367531	11
0	0.786042	0.587008	0.001671	0.000174	0	-0.000134	0	12.568302	92.622482	743.5	215.521859	9
0	2.045267	0.219907	0.579725	3.144107	-2.278439	-0.026024	-3.581482	63.438511	74.370743	415	382.710677	6
0	0.551195	0.047341	0.1118	0.002502	-0.000021	-0.00054	-0.000036	56.647953	107.0411	1259	603.528999	38
0	1.345436	1.679361	0.093096	0.096057	0.009083	0.121664	0.000127	11.317944	69.386894	215	218.024385	19
0	0.60104	0.300541	0.031789	0.003429	-0.000036	-0.00188	0.000002	23.081213	85.896523	840	236.308656	18
0	1.684096	2.668903	7.953038	7.305084	55.678063	11.715322	-0.537368	5.159015	47.797447	50	106.911687	4
0	0.590755	0.190358	0.029743	0.001274	-0.000007	-0.000214	-0.000002	89.406555	178.275116	3933	1098.607207	68
0	0.62332	0.273003	0.000199	0.002837	0.000002	0.001481	-0.000001	25.621284	77.528938	852	370.793937	19
0	0.546114	0.241818	0.11593	0.10156	0.01102	0.049231	0.000052	6.05192	32.30658	85	84.769552	6
0	1.956182	0.110524	0.395386	2.513237	-2.489318	-0.519668	-0.282598	68	69	446.5	395.639609	8
0	0.805609	0.547022	0.102091	0.03598	0.002055	0.016635	-0.000731	16.134069	82.998718	499.5	230.468036	10
0	1.334914	1.669432	0.065047	0.067491	0.004472	0.086196	0.00004	12.471452	69.63662	263	227.338094	19
0	0.864189	0.668264	0.026701	0.013025	0.000238	0.009305	-0.000046	29.364082	144.569687	1429	414.617312	32
0	1.280138	1.283064	0.834662	0.456023	0.276387	0.385296	-0.052573	71.3097	239.250244	3635.5	1163.217379	83
0	1.036676	0.188823	0.071277	0.368969	0.047984	0.14857	-0.035747	47.263988	91.390121	711	445.279218	17
0	0.686845	0.297615	0.01097	0.001198	0.000001	0.000466	0.000004	36.741508	100.209282	1264.5	601.88939	28
0	1.686498	2.809911	0.012609	0.011637	0.000141	0.019479	0	2.84605	43.639435	64	96.426406	3
0	2.135328	4.521631	1.653684	1.623382	2.65985	3.447469	-0.00179	2.979381	50.649479	63	109.740114	3
0	1.355077	0.510572	0.519225	0.270522	-0.101368	-0.178646	0.00194	39.999992	66.999985	436.5	290.325901	10
0	0.705989	0.468928	0.005584	0.002128	0.000007	0.000946	0.000003	11.648703	84.869125	639	211.078208	9
0	0.646405	0.325532	0.010742	0.002399	0.000007	0.000089	-0.00001	32.72731	144.776749	1634	645.955405	47
0	1.408444	1.876481	0.07145	0.063363	0.004261	0.085262	0.000148	10.011129	62.068996	271	175.338094	10
0	8.009259	63.954754	3.318334	3.043547	9.671907	23.795487	0.088038	1.372813	40.792152	12	86.627417	2
0	0.741982	0.415969	0.006462	0.002867	0.000012	0.001254	-0.000003	41.871525	168.479996	2896	864.724957	62
0	1.204568	0.096003	0.171742	0.248299	-0.046515	0.071834	0.021573	65.605103	87.351837	885.5	511.521859	17
0	0.996468	0.958737	0.161378	0.149464	0.023213	0.146336	-0.000002	3	32	59.5	68.242641	3
0	1.62651	2.325672	0.53281	0.291441	0.113727	0.437833	0.015983	31.235807	122.477249	909	420.592927	19
0	0.680619	0.34891	0.001964	0.005963	0.00002	0.002997	0.000002	27.298052	92.23867	1165	504.818322	19
0	0.228578	0.01598	0.003635	0.000102	0	-0.000013	0	15.531604	30.508511	253	88.568542	8
0	0.51901	0.226678	0.0362	0.024941	0.000748	0.011721	0.000037	10.606602	39.59798	186.5	102.12489	6
0	0.519385	0.09022	0.069531	0.008879	-0.000092	-0.000059	0.000201	30.841635	45.815041	410.5	212.066015	14
0	1.701268	2.746711	0.314988	0.301181	0.092763	0.434007	-0.000764	17.918692	90.567047	351	236.04877	10
0	1.090877	1.155005	0.139719	0.126676	0.016852	0.135057	-0.000121	3.96	40.519997	79.5	89.698484	3
0	0.69906	0.426526	0.031484	0.017965	0.000422	0.010153	-0.000065	29.952234	154.313843	2089	673.210239	31
0	0.699256	0.33232	0.006683	0.001103	-0.000003	0.00063	-0.000001	62	178	3400.5	948.482317	55
0	0.719045	0.48598	0.020344	0.01741	0.000328	0.011969	-0.000002	6.40248	48.177528	168.5	104.727922	5
0	2.153568	1.422459	0.942965	3.452723	6.194995	4.097284	-0.659814	54.917938	126.217751	782	581.137083	15
0	0.85443	0.700729	0.026086	0.023471	0.000581	0.019523	0.000004	4.512444	38.041618	128.5	83.071068	4
0	4.782978	22.73964	2.559949	1.868878	4.078781	7.997248	0.271018	4.721398	100.015297	150.5	207.213203	4
0	1.164038	1.262638	0.280453	0.222537	0.055594	0.249794	-0.000204	12.386787	84.315346	391.5	269.639609	12
0	1.339917	1.716319	0.025298	0.014811	0.000287	0.019398	-0.000007	21.709333	143.647934	1120.5	563.203098	27
0	11.148241	124.232071	11.30001	11.2783	127.322412	125.7071	-0.000663	2.07926	116.811798	95.5	253.379724	2
0	0.337958	0.074394	0.018068	0.01029	0.000138	0.002377	-0.000022	12.823886	40.513012	259	104.769552	6
0	0.670149	0.415658	0.047347	0.038826	0.001665	0.024823	-0.000024	7.273238	38.896011	125.5	97.012193	5
0	0.987287	0.933748	0.338332	0.319689	0.105138	0.308207	0.000245	4	31	56.5	69.213203	3
0	0.594139	0.318909	0.004963	0.000502	-0.000001	-0.000279	0	21.810356	125.651138	1597.5	315.261974	16
0	2.193596	4.614823	9.880013	9.261734	88.595797	19.690601	-0.383829	4.268152	55.151215	50	135.88225	6
0	0.780299	0.566726	0.006063	0.000684	-0.000001	-0.000428	0.000001	18.597418	91.120674	785	253.823375	19
0	1.096206	1.074624	0.139244	0.085698	0.009348	0.085642	0.000501	43.537781	174.54335	2046.5	645.830515	36
0	0.689529	0.44215	0.082254	0.072854	0.00564	0.048441	0.000002	7	47	190.5	102.727922	5
0	2.258297	1.431165	0.735222	3.38694	5.257817	4.050698	-0.95958	59.343254	135.588898	864	625.96551	13
0	0.638197	0.379464	0.005871	0.004967	0.000027	0.003059	0	5	35	152	77.656854	4
0	5.145155	26.348424	1.023032	0.396164	0.232045	1.274601	-0.09881	5	115	197.5	241.355338	4
0	1.135498	1.204042	0.057839	0.037775	0.001763	0.039511	0.000099	14.991091	115.517563	755	402.651802	13
0	1.966768	3.795362	0.103787	0.106769	0.011239	0.207887	0.000014	24.771828	219.06218	2080.5	784.624452	53
0	0.481442	0.19593	0.014108	0.007338	0.000074	0.00297	-0.00001	8.895128	40.73032	182	115.254833	8
0	0.997994	0.915716	0.74511	0.706732	0.512849	0.673579	0.001791	10.266926	63.766685	202	165.96551	10
0	0.962073	0.88993	0.111572	0.10087	0.010701	0.094671	0.00004	4.230984	32.048874	72	70.970562	3
0	0.729807	0.485528	0.022651	0.003885	0.000009	-0.000177	0.000035	15.660071	91.107796	635.5	229.92388	18
0	1.331179	1.684519	0.075741	0.066828	0.004754	0.086025	0.000015	38.410912	238.907074	2465	1153.200134	71
0	1.033629	0.940153	0.165251	0.102336	0.013289	0.096197	0.000707	45.40197	177.33989	1982.5	623.345234	39
0	0.867436	0.721729	0.011542	0.010228	0.000111	0.00862	-0.000001	7	60	223.5	129.556349	5
0	2.757847	2.712378	1.415489	5.60154	15.743233	9.198259	-0.96863	60.813496	147.601318	886	683.96551	12
0	0.926175	0.828821	0.044945	0.041466	0.00179	0.037748	-0.000001	5	48	192	104.485281	4
0	5.986984	35.66172	1.923241	0.611776	0.560446	1.6322	0.355337	5.693363	129.011932	216	268.284271	4
0	1.373982	1.802759	0.11821	0.090138	0.0093	0.116981	0.000276	15.393718	143.370056	945	477.137083	17
0	0.276794	0.046237	0.003095	0.001051	0.000002	0.000177	-0.000001	11.656551	34.012154	272.5	83.213203	5
0	1.017361	0.996946	0.220675	0.204086	0.043311	0.203481	0.000037	4	34	74	74.970562	3
0	0.613073	0.337815	0.003589	0.001946	0.000005	0.001018	0.000001	35.247814	185.852097	2624.5	679.595015	33
0	0.699738	0.303698	0.023685	0.01876	0.000349	0.008582	-0.000187	57	172	2842.5	995.335129	66
0	1.337702	1.75475	0.039505	0.038175	0.001483	0.050216	-0.000001	6.551057	75.197777	273.5	160.384776	5
0	3.164767	4.441018	6.664785	9.801026	78.573454	20.643046	-10.051102	59.95013	165.026276	848.5	699.036578	13
0	1.52904	2.294621	0.042516	0.045024	0.00197	0.068125	0.000001	7	63	257.5	140.727922	5
0	6.866466	46.856542	3.599937	0.64643	0.282311	-0.673725	0.944845	6.626681	144.01091	223.5	298.526911	4
0	1.545318	2.299109	0.006512	0.004446	0.000024	0.005823	-0.000001	16.041313	171.319412	1274.5	681.404109	27
