1	4.817559	23.154293	0.034843	0.033763	0.001158	0.16095	0.000002	1.829532	51.474136	42	108.627417	2
1	4.947116	24.423574	0.143096	0.137327	0.019251	0.670572	0.000057	2.056396	61.289085	64	128.142135	2
1	13.110035	170.807613	114.760293	112.472412	12778.053869	1465.076288	9.658492	7.738296	183.987564	206.5	387.154328	8
1	15.383658	236.009293	101.331092	96.207718	9499.101117	1460.677193	39.331986	5	172	159.5	354.526911	6
1	4.543135	20.592927	0.00633	0.002998	0.000013	0.00992	0.000003	2.079111	59.297974	64	124.142135	2
1	17.344711	299.87224	356.57198	357.784378	127792.587989	6195.535222	-9.291567	8.134958	237.03363	269.5	498.953318	9
1	17.758122	314.398763	14.011634	8.890715	98.539038	133.259191	11.702235	6.090776	175.008316	148.5	360.526911	6
1	4.543135	20.592927	0.00633	0.002998	0.000013	0.00992	0.000003	2.079111	59.297974	64	124.142135	2
1	17.344711	299.87224	356.57198	357.784378	127792.587989	6195.535222	-9.291567	8.134958	237.03363	269.5	498.953318	9
1	17.758122	314.398763	14.011634	8.890715	98.539038	133.259191	11.702235	6.090776	175.008316	148.5	360.526911	6
1	4.335729	18.749504	0.215094	0.214508	0.046076	0.928677	0.000001	2.035796	55.313007	58	116.142135	2
1	18.10378	326.702406	343.072718	344.408722	118387.077602	6224.377402	-15.766079	8.111848	237.017563	256	499.195958	9
1	18.044021	324.682296	13.464738	9.995422	115.746838	162.662047	6.994617	6.0746	178.038467	150	367.112698	6
1	3.928462	15.384226	0.150458	0.147261	0.02192	0.575223	-0.000022	2.076137	51.322113	55	108.142135	2
1	9.459993	88.558843	36.41919	25.787155	787.948588	214.379232	-60.404463	6.274166	107.116585	98.5	225.355338	4
1	8.030202	63.825802	19.096117	14.155761	232.31103	101.502422	-14.13584	6.660617	128.029922	154	268.769552	7
1	18.211735	330.787908	11.302046	8.524846	83.549167	140.836904	4.631233	6.090776	182.036133	160	375.112698	6
1	3.948592	15.53583	0.009088	0.008881	0.00008	0.035006	0	1.865136	41.303741	36.5	87.556349	2
1	4.321943	18.622218	0.260992	0.252534	0.064833	1.085478	0.00011	1.961618	48.078148	46	99.656854	2
1	14.297402	203.240941	16.948854	14.529449	227.953481	198.800259	4.834503	7.660579	193.062241	217.5	406.811182	8
1	19.606574	383.623657	343.586853	341.315598	116883.299996	6676.401197	20.743064	5.416875	186.393799	153	387.254833	6
1	3.943939	15.502863	0.039685	0.033536	0.001223	0.126099	0.000031	1.878498	43.045582	41	88.828427	2
1	14.317538	203.88991	27.297863	25.072329	655.905056	350.200991	5.517761	7.666387	197.052628	227	414.225396	8
1	19.792665	390.848858	160.20394	160.287642	25685.419076	3167.23328	0.600155	5.893959	190.378235	159	395.254833	6
1	14.198889	200.472149	55.910314	52.680457	2859.007565	735.547772	13.670534	8.273118	201.102875	238.5	424.468036	8
1	20.103575	403.291443	70.897339	70.828154	5019.0769	1420.502221	0.291799	5.804964	195.370468	162.5	404.669047	6
1	14.895956	220.813933	106.367948	104.076885	10950.568434	1538.118108	9.216525	8.587389	206.053497	243.5	435.296463	9
1	20.225011	408.209487	7.099469	7.210997	51.594752	145.309822	0.067252	5.603324	200.427734	169	415.254833	6
1	4.785679	22.848457	0.215269	0.212093	0.045319	1.011396	-0.000026	1.860521	51.474415	47	108.970562	2
1	4.652773	21.598946	0.710249	0.707987	0.502046	3.286113	0.000031	2.09507	60.123634	63	124.485281	2
1	12.567416	156.606148	2.41633	1.91825	4.126571	22.072279	-0.164893	9.091231	182.93219	202	386.225396	6
1	17.577467	307.912475	569.752734	550.264641	308105.529945	9579.692517	701.615308	5.630379	173.118164	125.5	357.355338	6
1	4.169388	17.333252	0.43852	0.431311	0.187577	1.790108	0.000132	1.927881	48.372272	45.5	101.556349	2
1	4.410753	19.405619	0.913247	0.907956	0.826783	3.999689	0.000003	2.049794	57.131451	59.5	117.899495	2
1	12.005134	142.844814	23.9051	23.489451	556.614579	277.86173	-0.07825	9.579062	185.962402	222	393.053823	6
1	18.608491	345.296274	648.426812	628.532895	401256.132769	11600.443904	778.437338	5.424738	177.123703	131.5	365.355338	6
1	3.44571	11.825778	0.304296	0.302303	0.091688	1.039134	0.000009	1.984556	44.404434	41.5	93.556349	2
1	4.236688	17.90029	0.059556	0.052255	0.002915	0.213869	0.000049	1.997236	52.138363	53.5	109.071068	2
1	12.23318	148.40969	10.374313	9.938967	100.922989	118.891685	-0.261528	9.133312	190.904114	226.5	402.468036	6
1	17.511956	305.724892	773.375652	752.269761	573792.779962	13073.160947	934.043878	5.461661	182.121567	139.5	375.355338	6
1	3.664053	13.376869	0.337968	0.331665	0.111042	1.209232	-0.000088	2.045301	46.090637	48	95.656854	2
1	12.63744	158.382723	5.734931	5.607904	31.802762	69.678063	-0.023625	9.577833	195.962769	230.5	412.468036	6
1	17.582508	308.161745	748.73077	727.365959	536774.215376	12686.384176	930.971234	5.467828	187.147324	136	386.769552	6
1	21.155158	446.530001	1078.214686	1062.736457	1137603.473931	22390.181533	694.891719	5.419176	197.142242	130.5	406.183766	6
1	14.490838	208.435986	3.696828	3.773522	14.09399	54.380443	-0.028674	9.159238	204.945572	219	431.88225	8
1	6.012317	36.094009	0.163141	0.150622	0.02361	0.886196	0.00019	1.971596	71.253059	62.5	147.556349	2
1	15.003525	224.154634	1189.784313	1175.493928	1390159.561707	17509.072016	-687.678565	4	120	59	246.627417	4
1	17.43818	302.211175	28.434325	27.347503	762.601027	474.803093	1.253023	9.234693	220.931427	209	464.367531	8
1	4.414758	19.439485	0.093712	0.093605	0.008767	0.412667	0	1.877336	50.356785	46.5	105.556349	2
1	4.773643	22.736162	0.147551	0.136932	0.019463	0.640628	0.000141	1.966519	56.220901	55	117.313708	2
1	6.649454	44.153209	3.295197	3.234701	10.560675	21.400635	0.009282	1.952529	72.107368	62.5	147.899495	2
1	10.288125	105.663681	156.784838	156.701963	24561.997614	1610.781778	-0.007652	1.380537	61.12711	19	125.313708	2
1	13.23677	172.925378	190.3894	148.489323	24940.785091	1817.148293	-1141.134136	9.099682	170.057083	148.5	357.154328	6
1	5.760709	33.136323	0.090737	0.087562	0.007805	0.499643	-0.000019	1.94177	66.752914	63	141.455844	2
1	6.593402	43.414547	0.172004	0.17171	0.02951	1.131145	-0.000001	1.831744	69.065071	59	140.485281	2
1	10.049315	100.811283	142.493996	142.377247	20279.589948	1429.436295	0.083285	1.431224	57.311188	19	118.970562	2
1	7.517245	56.279152	82.68631	82.323006	6792.014955	614.176747	0.033402	3.776094	77.160553	42	160.627417	4
1	5.470907	29.874339	0.116659	0.108468	0.012201	0.581674	-0.000086	1.932897	59.538326	51.5	126.04163	2
1	6.096757	37.114373	2.664774	2.640751	7.005213	16.055618	0.002001	1.921656	67.065811	61.5	137.071068	2
1	6.416752	41.109705	5.372713	5.363163	28.789111	34.386741	-0.000164	1.774888	59.533943	44.5	125.213203	2
1	7.543445	56.783005	81.561361	81.390096	6631.313733	613.236844	0.132182	1.706564	62.289581	25.5	129.556349	2
1	4.868816	23.6495	0.001685	0.001242	0.000002	0.005417	0	1.835053	51.471741	44.5	108.384776	2
1	4.909311	24.045716	0.054816	0.03309	0.001395	0.13429	0.000197	1.921656	58.072449	54.5	119.071068	2
1	6.710029	44.961036	2.673989	2.654847	7.073577	17.777537	-0.001461	1.826893	62.511524	49	130.627417	2
1	9.040732	81.628315	61.302395	61.249647	3753.13431	553.363572	-0.018684	1.577864	67.266846	32.5	139.556349	2
1	6.749446	45.483219	7.777104	7.751009	60.17919	52.253369	-0.003545	1.716227	59.525982	41	125.79899	2
1	8.657269	74.852073	53.817143	53.732174	2889.428388	464.869251	0.018554	1.783585	66.267052	38	137.79899	2
1	6.180996	38.135537	0.33719	0.334936	0.112559	2.068283	-0.000008	1.752619	56.434319	40.5	118.384776	2
1	7.507608	56.295107	13.927169	13.908595	193.578146	104.355032	-0.001213	1.775907	69.347008	50.5	144.384776	2
1	11.875098	140.72131	344.924714	344.653299	118832.659513	4087.788703	0.720081	1.457234	58.21265	13.5	120.727922	2
1	4.472589	19.940687	0.010313	0.008681	0.000082	0.037046	-0.000002	1.719362	41.302887	31.5	86.727922	2
1	5.986364	35.761254	3.980828	3.968651	15.774334	23.732423	-0.000389	1.743955	52.235611	35.5	108.727922	2
1	0.222222	0.012346	0.005487	0.000219	0	-0.000024	0	1	49	1	98.828427	2
1	4.860615	13.052384	189.175677	112.411407	16189.203952	316.587855	-2574.390216	30.477699	90.725357	113.5	229.154328	4
1	4.320235	9.980398	139.93591	82.13198	8659.093162	201.443586	-1596.69659	33.557381	94.622025	133	242.911687	4
1	4.358413	10.328758	141.939065	84.910347	9186.247458	214.874154	-1582.926312	32.881981	92.651596	128	238.08326	4
1	7.362444	37.68187	893.552306	694.501089	545965.875255	4112.534201	-35261.249694	25.842695	83.185379	72.5	211.012193	4
1	6.948414	48.018809	5.764312	5.7112	32.769123	39.476141	-0.007719	1.328728	55.22525	8.5	114.727922	2
1	1.2682	0.942852	0.242819	0.119254	-0.020106	-0.113904	0.002748	38	62	338.5	256.183766	6
1	0.612734	0.341003	0.002466	0.000351	0	-0.000038	0	13.379319	63.294472	430.5	169.438599	10
1	1.171444	1.24115	0.047948	0.006776	-0.00012	-0.007387	0.000023	21	60	289.5	184.526911	6
1	0.947128	0.869007	0.00216	0.001433	0.000003	0.001194	0	5.807622	56.547897	245.5	126.870057	4
1	1.990603	3.382534	2.422263	0.386372	-0.026526	-0.509653	-0.37284	13.3009	56.61272	61	136.568542	4
1	2.090824	3.42029	5.219609	2.033898	5.825415	0.33989	-3.159239	18.582457	72.943077	78.5	172.953318	4
1	2.081156	3.499066	2.833766	0.715559	0.623738	-0.389426	-0.805727	21.692984	75.449768	66	184.225396	4
1	1.185751	1.371174	0.050592	0.047626	0.002338	0.055768	-0.000001	17.018179	53.581982	39	135.597979	4
1	2.467787	3.377785	64.346061	55.148873	3282.81872	91.73232	-125.878436	16.099689	62.162689	52.5	152.183766	5
1	11.852607	138.184923	1504.517744	1471.631826	2189761.728354	17282.864609	-3494.316838	6.548462	64.271942	33	143.112698	5
1	11.950497	142.485982	61.400088	61.273391	3758.308009	731.209907	0.087398	1.214747	44.283051	10.5	92.727922	2
1	6.058784	36.645737	0.045685	0.044722	0.002021	0.270501	-0.000001	1.857656	65.12117	50	134.142135	2
1	5.685363	32.263324	4.99887	4.978855	24.838772	28.276605	-0.001156	1.993631	62.121536	54	128.970562	2
1	12.697897	159.512626	108.075068	78.822445	7258.943279	899.735044	-484.244795	9.31152	167.072937	181.5	350.325901	4
1	6.613787	43.695952	1.583829	1.579615	2.498509	10.440475	-0.000072	2.114619	87.690628	93	184.769552	2
1	3.095116	9.524159	0.199463	0.205088	0.04148	0.632495	0.000047	5.342779	87.135071	225.5	183.698484	5
1	6.2817	39.411955	4.70692	4.626011	21.586299	28.953787	0.017405	3.452521	115.211548	161	239.455844	2
1	6.872673	47.178109	0.012329	0.009009	0.000095	0.055999	-0.000006	1.856069	73.436577	64	153.455844	2
1	12.134458	145.530463	32.543234	3.616925	-39.208593	-43.612047	1.593597	8.551238	153.010574	154	320.911687	5
1	5.508233	30.268225	0.062015	0.038147	0.001839	0.177096	0.000244	1.720179	49.251446	34.5	102.727922	2
1	21.229152	448.320814	417.684515	411.869034	170829.49213	8708.875197	-81.473971	7.724277	184.341553	136	389.88225	8
1	7.178002	51.459297	2.557243	2.553571	6.525413	18.318075	0.000014	1.748658	65.764732	46	138.284271	2
1	17.284585	296.212497	40.327389	34.826199	1304.872047	575.817302	26.750043	6.759655	139.871262	92	294.911687	6
1	5.992486	35.839484	0.002874	0.000566	0	-0.000099	0.000001	1.689323	50.631447	34.5	107.213203	2
1	19.681577	384.283444	89.046567	82.549661	7077.336967	1586.109141	51.848941	7.426987	145.858566	91	307.740114	6
1	6.495933	42.125934	0.783135	0.777883	0.607141	5.043714	-0.000105	1.674957	56.320415	39	116.970562	2
1	13.634065	182.594435	102.115934	38.162655	2164.2005	286.795634	-995.893131	7.04096	105.040054	52.5	222.183766	4
1	7.373547	54.293118	0.117094	0.103307	0.011361	0.735461	0.000182	1.680686	60.401802	41	126.970562	2
1	14.183218	198.108477	75.359391	19.02718	500.979782	64.329976	-517.813472	7.431166	106.015175	60	223.597979	3
1	9.536371	90.851919	0.120053	0.10468	0.011733	0.960396	0.000216	1.707967	64.629501	41	135.455844	2
1	0	0	0	0	0	0	0	0	44	0	88	2
1	16.429263	266.290697	1208.180218	1142.759109	1342744.206987	18306.177934	6187.028972	5.597332	92.005424	44	193.941125	4
1	9.106152	82.841434	1.706276	1.706499	2.911948	15.530998	0.000005	1.608671	68.723946	44	145.455844	2
1	6.823492	46.481602	0.577645	0.575368	0.331702	3.920442	0.000025	1.640112	54.3316	35.5	114.384776	2
1	2.358595	5.534032	0.049512	0.04942	0.002445	0.116232	0	1	57.999992	27	117.656854	2
1	15.774634	244.714756	133.829635	60.79959	5252.094033	674.266275	1579.200612	6.571032	103.004768	53	216.769552	4
1	6.851135	46.866759	4.041163	4.023004	16.221049	27.5233	0.001549	1.75757	58.420094	42.5	122.384776	2
1	4.779517	22.814056	0.51874	0.518707	0.269065	2.477527	-0.000002	1	63.999992	53.5	131.071068	2
1	15.122886	224.665361	127.453746	40.371671	2439.291711	285.411469	1560.895608	7.460426	109.004578	61	229.597979	3
1	7.574034	57.290838	6.363752	6.356299	40.426213	48.106781	0.000507	1.656473	61.399929	42	127.79899	2
1	4.127525	17.008684	0.000044	0.000013	0	0.00002	0	1	64	49.5	129.414214	2
1	8.539566	72.827126	11.632658	11.466876	132.436301	97.519357	-0.08029	1.776131	63.505363	37.5	133.213203	2
1	7.226313	51.967139	5.414398	4.402797	21.483767	29.989944	-0.740152	1.585964	42.292389	11	88.970562	2
1	9.740234	94.487943	208.220724	208.126215	43326.355122	2023.073198	0.055187	1.208853	40.049831	8	81.656854	2
1	6.635845	43.550625	1.135498	0.145402	-0.029375	-0.569118	-0.051261	5.350378	56.198933	46	127.455844	5
1	7.697422	59.166323	7.340174	7.244385	52.826937	55.531781	-0.028245	1.836486	66.480804	40	138.627417	2
1	8.198409	67.057923	0.394693	0.233285	0.069994	1.584606	-0.010576	1.612452	46.388992	19	97.79899	2
1	5.91512	34.385693	39.739361	36.531275	1391.845407	212.531378	-12.202567	5.457503	60.070972	62.5	132.04163	4
1	8.276194	68.410535	5.665437	5.508317	30.771207	45.239326	-0.051852	1.921081	67.600014	46.5	142.04163	2
1	6.889232	47.322559	82.383198	82.339436	6781.584098	566.421967	0.005333	1.434701	52.085869	18	106.485281	2
1	7.436611	54.343065	72.749872	66.979089	4675.311685	489.418028	-38.08088	6.366218	68.121605	70	153.455844	6
1	5.135086	26.308616	0.020409	0.019904	0.000401	0.10164	-0.000001	1.776286	49.496906	38.5	104.384776	2
1	5.809852	33.65892	0.418499	0.300693	0.106394	1.5615	0.007633	1.896182	50.154018	30	104.970562	2
1	6.712236	44.920455	20.636962	20.585277	424.285254	137.906534	0.018086	1.448601	47.095634	18.5	97.071068	2
1	6.740094	44.603023	54.212442	49.580562	2570.388938	328.368745	-23.277353	7.049834	69.040932	74.5	153.698484	6
1	6.82972	46.538048	59.044274	58.966915	3479.377103	402.262451	0.000145	1.644217	58.07608	26.5	119.071068	2
1	6.273691	39.297027	4.098319	4.086356	16.72273	25.613524	0.000454	1.831984	63.386635	49.5	133.213203	2
1	4.669567	21.738493	0.533488	0.530614	0.282313	2.470544	-0.000033	1.691563	44.179649	33	92.142135	2
1	2.661889	6.887372	0.955324	0.209531	0.051524	0.024236	-0.078316	7.729879	78.1362	138.5	172.811182	5
1	0.825074	0.636408	0.024255	0.002772	-0.00002	-0.00209	0.000011	7.190697	47.096512	163	105.254833	5
1	1.704109	2.832626	0.112227	0.016018	-0.000132	-0.014587	-0.000666	8.79945	80.550934	276.5	191.438599	10
1	1.29201	1.616786	0.063885	0.011026	0.000065	-0.002646	0.000285	9.80432	86.345139	402	189.88225	6
1	0.735091	0.506162	0.005565	0.001497	0.000003	0.000329	0.000003	7.317072	46.31707	207	118.426406	9
1	1.732421	2.928871	0.142516	0.016833	-0.000637	-0.024742	0.000523	11.258446	109.872421	505	243.338094	7
1	0.80275	0.605383	0.044077	0.038724	0.0016	0.029482	-0.000021	6.395337	41.203159	161	100.08326	8
1	1.123525	1.227591	0.166074	0.155646	0.025024	0.172437	-0.000017	4.101219	40.022247	81.5	88.384776	3
1	1.175538	1.34606	0.297177	0.280372	0.08093	0.325019	0.000139	5.070002	48.527157	123.5	105.556349	3
1	0.513238	0.220572	0.019794	0.008901	0.000117	0.003914	-0.000015	10.999998	55.999992	215.5	142.526911	4
1	1.239191	1.498445	0.311242	0.295784	0.089745	0.36198	0.000073	4.808326	56.002861	117.5	122.870057	3
0	1.18059	1.358881	0.011762	0.009594	0.000102	0.010687	-0.000004	7	63	300	156.568542	6
0	0.568994	0.294699	0.002975	0.001626	0.000004	0.000795	0	12.559109	81.602089	648	204.308656	5
0	0.971102	0.79676	0.000227	0.000862	0	0.000748	0	6.999999	41.999992	122.5	172.384776	6
0	4.385145	19.170864	0.01506	0.013492	0.000192	0.057477	0.000003	1.790113	41.04771	35.5	85.071068	2
0	1.451831	1.94548	0.009475	0.005448	0.000039	0.006416	0.000006	6	44	96	143.455844	6
0	0.375828	0.113556	0.000899	0.000136	0	0.000001	0	37	160	3834	371.7645	8
0	0.964569	0.888046	0.071966	0.06516	0.004462	0.061198	0.000006	5	45	159.5	118.526911	7
0	1.634978	2.473989	0.050087	0.032563	0.001306	0.045459	-0.000158	7	43	130	129.941125	12
0	1.038861	0.90218	0.000448	0.000093	0	0.000004	0	7	44	139.5	198.384776	6
0	3.709925	13.718761	0.210792	0.187691	0.037329	0.682235	0.000518	2	44	46.5	93.556349	2
0	1.722543	2.75143	0.014464	0.012153	0.000161	0.020124	-0.000001	7.091106	45.034332	98	155.112698	8
0	0.328604	0.080036	0.000742	0.000085	0	-0.000007	0	38	144	3064	341.220343	10
0	0.499735	0.179224	0.022609	0.00216	-0.000014	-0.000912	0.000006	22.999996	86.999985	921	277.338094	7
0	0.964569	0.888046	0.071966	0.06516	0.004462	0.061198	0.000006	5	45	159.5	118.526911	7
0	1.634978	2.473989	0.050087	0.032563	0.001306	0.045459	-0.000158	7	43	130	129.941125	12
0	1.038861	0.90218	0.000448	0.000093	0	0.000004	0	7	44	139.5	198.384776	6
0	3.709925	13.718761	0.210792	0.187691	0.037329	0.682235	0.000518	2	44	46.5	93.556349	2
0	1.722543	2.75143	0.014464	0.012153	0.000161	0.020124	-0.000001	7.091106	45.034332	98	155.112698	8
0	0.328604	0.080036	0.000742	0.000085	0	-0.000007	0	38	144	3064	341.220343	10
0	0.499735	0.179224	0.022609	0.00216	-0.000014	-0.000912	0.000006	22.999996	86.999985	921	277.338094	7
0	0.782763	0.582611	0.025469	0.022091	0.000524	0.016704	0.000005	4.999999	45.999992	181.5	102.04163	5
0	1.634066	2.462929	0.098076	0.079292	0.006986	0.11831	-0.000293	7	43	129	129.941125	13
0	1.061433	0.945968	0.001109	0.001053	0.000001	0.000934	0	7	44	140.5	200.384776	6
0	3.627873	13.133686	0.00005	0.000014	0	0.00002	0	1	44	43.5	89.414214	2
0	1.680031	2.618617	0.03007	0.02791	0.000809	0.045055	0.000002	7.114356	46.010815	101	157.941125	8
0	0.32579	0.078226	0.000729	0.000083	0	-0.000007	0	38	140	2931	325.7645	13
0	0.519859	0.197271	0.024331	0.002834	-0.000007	-0.000913	0.000022	23.44544	90.099648	955.5	288.752307	12
0	0.784731	0.585975	0.017509	0.014781	0.000238	0.01113	0.000003	5	46	186	103.455844	4
0	1.670364	2.581545	0.041413	0.029112	0.001007	0.042367	-0.000085	7	43	129	131.941125	12
0	1.032579	0.896332	0.001791	0.001973	0.000004	0.00176	0	7	44	144	198.970562	6
0	3.668561	13.430559	0	0	0	0	0	1	44	44	90	2
0	1.650857	2.528336	0.014042	0.012536	0.000166	0.019933	-0.000001	7.114356	46.034061	105	157.112698	8
0	0.322418	0.076273	0.000692	0.000088	0	-0.000004	0	37	138	2837	329.421354	9
0	0.526849	0.206827	0.024384	0.003288	0.000001	-0.00071	0.000029	24	92	1014.5	300.066015	14
0	0.406986	0.13659	0.001397	0.000699	0.000001	0.000241	0	18.558495	92.279793	1022	212.793937	8
0	0.615291	0.321712	0.029081	0.013478	0.000261	0.006399	0.000053	31.483606	138.022949	2067.5	437.119838	21
0	0.432023	0.158167	0.001408	0.000708	0.000001	0.000261	0	16.560413	85.057457	891.5	193.237588	4
0	0.611258	0.317577	0.030046	0.01476	0.000306	0.007164	0.000053	31.633209	140.958572	2149	421.220343	14
0	0.489054	0.210549	0.0012	0.000468	0	0.000169	0	14.421063	83.271233	760.5	185.580734	4
0	0.589169	0.292934	0.02572	0.012117	0.00021	0.005518	0.000041	32.681854	142.021149	2297	426.735062	14
0	0.550853	0.274842	0.002989	0.002005	0.000005	0.001018	0	12.403471	78.017845	639	172.994948	4
0	0.616684	0.325764	0.031848	0.016457	0.000373	0.008279	0.000056	33.376919	147.034805	2319.5	457.462984	17
0	0.626476	0.342845	0.03736	0.021044	0.00059	0.01222	-0.000023	8	42	147	105.79899	4
0	1.050041	1.003677	0.006073	0.002268	0.000007	0.001248	0.000004	7	41	170	114.284271	11
0	0.858259	0.539614	0.001854	0.001978	0.000004	0.00143	0	7	41	113.5	159.556349	8
0	0.627695	0.34025	0.033293	0.016392	0.000383	0.00956	-0.000001	8	41	145	106.970562	4
0	2.326077	5.367305	0.14115	0.138468	0.019358	0.320506	-0.000026	5.126365	72.05928	171.5	151.213203	5
0	0.601065	0.322181	0.022667	0.009727	0.000139	0.004295	0.000038	24.700251	143.045624	1642.5	338.208151	12
0	2.23774	4.959023	0.077551	0.074748	0.005691	0.165946	-0.000009	4.999999	74.999985	213	158.970562	4
0	0.522503	0.245761	0.000618	0.000082	0	-0.000023	0	7	42	244.5	92.727922	4
0	0.637027	0.355583	0.035162	0.019092	0.000494	0.011285	-0.000022	8	42	156.5	108.384776	4
0	1.077359	1.060325	0.005377	0.001517	0.000003	0.000414	0.000003	6.999999	42.999992	182.5	118.04163	12
0	0.855575	0.553428	0.002855	0.000562	0	-0.00003	-0.000001	7	43	122.5	162.727922	8
0	0.639342	0.357221	0.031424	0.015869	0.000354	0.00941	-0.000018	8	43	156	110.970562	4
0	2.077963	4.278581	0.350055	0.343462	0.119093	0.710189	0.000005	5.177786	76.051926	193	160.627417	4
0	0.580681	0.299128	0.02618	0.013971	0.000264	0.006713	0.00004	25.055452	146.049713	1748	345.279218	17
0	2.240398	4.969199	0.146975	0.14242	0.020605	0.317225	-0.000025	6	80	235	169.79899	6
0	0.562239	0.287494	0.001818	0.000371	0	0.000018	0	7	43	246.5	94.727922	4
0	0.620467	0.335859	0.036298	0.020491	0.000559	0.01183	-0.000014	8	43	162.5	110.384776	4
0	1.103597	1.116665	0.00355	0.000607	0	-0.000249	0.000001	7	44	181.5	120.870057	13
0	0.921255	0.65074	0.001492	0.000508	0	0.000174	0	6.999999	43.999992	122	167.313708	8
0	0.637841	0.353762	0.035388	0.018179	0.000461	0.01076	-0.000018	9	43	160.5	112.384776	5
0	2.436023	5.891909	0.161388	0.158664	0.025389	0.384989	-0.000024	5.197878	78.025299	183	164.284271	4
0	0.565124	0.282506	0.030719	0.01935	0.00047	0.009644	0.000037	25.570093	144.029083	1780	338.450791	13
0	2.279809	5.144247	0.040706	0.039532	0.001586	0.089458	0	7	81	252	174.627417	7
0	0.535252	0.258867	0.001115	0.000302	0	0.000057	0	7	42	246.5	92.727922	4
0	0.629234	0.34684	0.039628	0.023051	0.000696	0.013508	-0.000019	8	43	161.5	109.556349	4
0	1.077321	1.058247	0.003935	0.000881	0.000001	0.000004	-0.000001	6.999999	42.999992	180.5	120.04163	12
0	0.872846	0.587654	0.001497	0.000758	0.000001	0.00042	0	7	43	126.5	165.556349	8
0	0.666256	0.38835	0.039334	0.020277	0.000573	0.012622	-0.000009	9	44	162	113.79899	4
0	2.080394	4.290655	0.103244	0.100413	0.010224	0.207632	-0.000017	5	78	199	161.79899	4
0	0.551543	0.267647	0.032123	0.020965	0.000543	0.010316	0.000035	25.984558	139.985764	1748.5	325.379724	13
0	2.248687	5.006451	0.045277	0.044484	0.001996	0.099511	-0.000001	6	81	248.5	172.04163	6
0	0.566803	0.292584	0.00125	0.000142	0	-0.000068	0	7	43	240	94.142135	4
0	0.637335	0.355108	0.047171	0.02829	0.001033	0.016851	-0.000007	8	43	158.5	109.556349	4
0	1.291588	1.561475	0.002231	0.000296	0	-0.000319	0	6	43	156	118.142135	12
0	0.886199	0.597156	0.000559	0.000454	0	0.000319	0	6.999999	42.999992	122	164.485281	8
0	0.625853	0.339675	0.034486	0.018025	0.000449	0.010485	-0.00001	8	43	157	110.970562	4
0	2.385028	5.648484	0.042905	0.041607	0.001758	0.098615	-0.000004	4.270766	76.055992	184.5	157.556349	4
0	0.533745	0.249204	0.031362	0.021466	0.000556	0.010329	0.000026	26.019199	133.056915	1768.5	312.208151	11
0	2.238488	4.956235	0.091076	0.088827	0.007989	0.197716	0	6.979889	80.042358	244.5	172.04163	7
0	0.539707	0.26298	0.001425	0.00022	0	-0.000036	0	7	42	237	92.142135	5
0	0.642386	0.358942	0.037632	0.019767	0.000539	0.011839	0.000007	8	42	151.5	110.727922	4
0	1.184776	1.292341	0.017117	0.011699	0.000164	0.012311	0.000019	7	42	160.5	116.04163	13
0	0.860549	0.551904	0.001183	0.000551	0	0.000284	0	6.999999	40.999992	117.5	161.071068	8
0	0.642723	0.359504	0.030347	0.014494	0.000304	0.00869	-0.000001	8	41	146.5	108.727922	3
0	2.32978	5.3794	0.158556	0.154934	0.024283	0.359148	-0.000009	5.232167	74.106506	178	156.627417	5
0	0.477591	0.193503	0.021572	0.013407	0.000227	0.005564	0.000017	23.561686	112.961823	1375.5	267.72287	11
0	2.255324	5.031331	0.062092	0.059092	0.003579	0.132159	-0.000006	6	76	225	162.970562	5
0	0.567187	0.293106	0.002498	0.001411	0.000003	0.000656	0	7.521677	46.034569	277	100.970562	4
0	0.666262	0.392375	0.040852	0.023386	0.000723	0.014648	0.000003	9	47	182	120.970562	5
0	1.491594	2.102892	0.004049	0.000546	-0.000001	-0.000614	0.000001	7	47	162	126.142135	12
0	0.961676	0.736263	0.000144	0.000079	0	0.000053	0	7	46	133.5	179.071068	8
0	0.670672	0.397194	0.03107	0.01574	0.000348	0.009882	-0.000012	9	47	179	122.970562	4
0	2.496997	6.191489	0.219598	0.215162	0.04677	0.535357	-0.000013	4.999999	83.999985	206.5	176.04163	4
0	0.44569	0.164442	0.013927	0.007347	0.000074	0.002664	0.00001	21.162792	98.902496	1030.5	246.894442	15
0	2.439353	5.894818	0.039559	0.038102	0.001479	0.092408	-0.000001	7	89	278	191.455844	7
0	1.2536	1.447141	0.04506	0.044525	0.001994	0.053219	0.000049	5.999999	40.999992	132.5	111.899495	12
0	0.854418	0.55004	0.011878	0.01362	0.000173	0.010094	-0.000001	6.999999	40.999992	121.5	161.071068	8
0	0.645637	0.370018	0.05675	0.038494	0.001799	0.02341	0.000011	9	42	164.5	107.556349	5
0	0.334625	0.072569	0.007632	0.000725	-0.000001	-0.000168	-0.000001	14.990442	51.966866	385.5	144.468036	7
0	2.620858	6.824068	0.759232	0.746294	0.561761	1.949063	0.000054	4.271227	77.097595	152.5	161.213203	3
0	2.342755	5.433314	0.027311	0.025795	0.000685	0.060121	0	5.999999	82.999985	240	179.79899	6
0	2.908196	8.401711	0.142576	0.136773	0.0191	0.396444	-0.000002	4.954035	69.023438	151.5	145.213203	4
0	2.528347	6.333473	0.105242	0.101124	0.010432	0.2543	-0.000009	7	91	271.5	197.213203	7
0	2.884148	8.255211	0.165686	0.17312	0.02932	0.495822	0.000088	4.996006	62.949665	130.5	132.384776	3
0	2.492527	6.153807	0.10468	0.1018	0.010509	0.252503	0.000003	8	95	294.5	206.04163	7
0	1.653242	2.675097	0.997148	0.975729	0.96244	1.595835	-0.000128	7.932213	69.947701	191	152.970562	7
0	0.531499	0.246948	0.035598	0.027404	0.000856	0.013612	-0.000004	8	45	151	100.142135	5
0	0.393608	0.059799	0.020967	0.000118	0	0.000019	0	21.04307	43.565731	321.5	155.639609	9
0	4.213873	17.595532	88.227105	87.700804	7714.475057	367.843468	0.008751	3	50	44	104.142135	2
0	2.708391	7.275205	0.128122	0.126629	0.016129	0.34133	0.000014	4.112575	57.008007	117	120.970562	4
0	4.165442	17.229334	50.215186	49.967929	2502.963742	207.396717	0.172697	3	51	49.5	109.213203	2
0	2.331748	5.389254	0.032977	0.033789	0.001128	0.078292	0.000001	4	59.999992	133.5	125.556349	3
0	3.448883	11.780098	19.528676	19.354252	376.271219	66.422742	0.049959	3.042313	41.139339	37	86.970562	2
0	2.514467	6.251706	0.114534	0.121639	0.014357	0.303532	-0.000025	4	48	81	102.970562	3
0	3.586614	12.745895	8.501494	8.394542	70.915827	29.969412	-0.003895	3.964911	45.133911	44.5	96.384776	3
0	2.534272	6.355125	0.082116	0.083095	0.006864	0.207807	-0.000013	4	51	92	110.142135	3
0	3.56357	12.611014	12.570933	12.476861	156.257814	44.305926	0.008312	3.985387	56.13702	75.5	118.384776	3
0	2.778945	7.65846	0.001111	0.000934	0.000001	0.002565	0	5	65	136.5	140.384776	5
0	3.158681	9.925247	1.00766	0.995431	0.99695	3.135955	0.000112	6.23956	104.073433	272.5	223.84062	5
0	2.651222	6.978637	0.559266	0.550547	0.305492	1.454309	0.000046	8	122	460.5	258.384776	7
0	1.094902	1.153646	0.26327	0.241005	0.060707	0.258429	0.000099	5	42	98	92.284271	3
0	0.607267	0.287419	0.034945	0.010754	0.000187	0.002984	0.000092	14.052794	53.769142	322.5	198.12489	19
0	0.858435	0.694546	0.095632	0.078614	0.006816	0.065515	0.000002	7	50	162	121.112698	4
0	0.643968	0.387613	0.002175	0.001513	0.000003	0.000871	0	7	55	323.5	118.384776	5
0	2.497052	6.187451	0.405796	0.397362	0.159564	0.98836	-0.000045	10	131	549	278.627417	7
0	0.952312	0.871163	0.163418	0.148011	0.023019	0.137928	0.000069	5.762352	46.270317	123.5	98.384776	3
0	0.609324	0.29878	0.010521	0.003441	0.000019	0.001148	0.000008	16.564676	64.644516	428.5	262.610172	25
0	0.969054	0.890432	0.172905	0.142382	0.022338	0.133531	-0.000282	7	59	193	139.79899	4
0	0.701477	0.465256	0.002017	0.001548	0.000003	0.001008	0	7	60	368.5	128.727922	5
0	1.920686	3.639641	0.982908	0.960165	0.93277	1.826325	-0.001743	4.221499	58.027096	112	125.455844	5
0	2.471218	6.055102	0.183521	0.178702	0.032362	0.439686	0	8	109	397	234.627417	7
0	0.409254	0.078337	0.009004	0.000812	0.000001	0.000082	0.000002	18	49	371	276.024385	22
0	0.813447	0.617	0.099293	0.079141	0.007015	0.061909	-0.000069	6	44	131	102.970562	4
0	0.651053	0.395738	0.002356	0.001564	0.000003	0.000903	0	6	44	224	96.970562	4
0	1.50552	2.218799	0.514619	0.499443	0.253205	0.743878	0.000014	8	76	239.5	164.384776	7
0	0.548814	0.113084	0.027656	0.001669	-0.000011	-0.000478	0.000002	17	41	218	295.195958	22
0	1.065205	1.005736	0.125653	0.081707	0.008278	0.081933	-0.000125	22.82452	90.078972	691	299.7645	16
0	1.059276	0.990411	0.121992	0.082526	0.00828	0.081526	0.000081	22.200001	79	505	285.906635	18
0	0.476814	0.191054	0.00083	0.000109	0	-0.000034	0	9.84989	52.867157	264	170.852812	9
0	1.932416	3.051995	1.033423	1.5519	1.922349	2.587575	-0.408756	10	47	66	159.112698	4
0	0.977546	0.921365	0.134347	0.124634	0.016128	0.119634	-0.000005	4.25518	41.374832	84.5	89.556349	3
0	0.542838	0.251866	0.029569	0.01702	0.000382	0.008426	-0.000012	10	48	206.5	122.04163	4
0	0.513238	0.220572	0.019794	0.008901	0.000117	0.003914	-0.000015	10.999998	55.999992	215.5	142.526911	4
0	1.239191	1.498445	0.311242	0.295784	0.089745	0.36198	0.000073	4.808326	56.002861	117.5	122.870057	3
