62.8881	214.731	-0.86484
62.9263	214.686	-0.864531
62.9675	214.638	-0.86429
63.0113	214.587	-0.864092
63.0574	214.533	-0.864373
63.1068	214.475	-0.864704
63.1581	214.415	-0.864401
63.2113	214.352	-0.86435
63.2659	214.289	-0.863655
63.3135	214.231	-0.864603
63.3691	214.166	-0.86459
63.4251	214.1	-0.86414
63.4798	214.036	-0.862338
63.5335	213.973	-0.860299
63.5826	213.913	-0.860294
63.6315	213.853	-0.859766
63.6819	213.794	-0.85878
63.7319	213.736	-0.858453
63.7805	213.68	-0.85788
63.831	213.622	-0.865759
63.875	213.572	-0.867315
63.9206	213.518	-0.866925
63.9655	213.465	-0.866524
64.0097	213.413	-0.865226
64.0532	213.362	-0.865687
64.0954	213.313	-0.865464
64.1364	213.264	-0.865295
64.1599	213.219	-0.866697
64.2018	213.17	-0.866913
64.2433	213.121	-0.866681
64.2852	213.071	-0.865568
64.3271	213.022	-0.865784
64.369	212.973	-0.865334
64.4112	212.923	-0.864888
64.4425	212.872	-0.86622
64.4896	212.816	-0.865632
64.532	212.767	-0.865855
64.5749	212.716	-0.865864
64.6183	212.665	-0.864995
64.662	212.614	-0.865904
64.7052	212.563	-0.866554
64.7442	212.513	-0.868176
64.7884	212.46	-0.868653
64.8333	212.407	-0.868695
64.8783	212.354	-0.868076
64.9233	212.301	-0.869006
64.9688	212.247	-0.869946
65.0122	212.203	-0.87214
65.058	212.149	-0.872423
65.1041	212.094	-0.872044
65.1503	212.039	-0.871668
65.1969	211.983	-0.869969
65.2441	211.927	-0.870271
65.2823	211.865	-0.871945
65.3293	211.809	-0.872025
65.3769	211.752	-0.871891
65.4249	211.695	-0.871544
65.4733	211.638	-0.87098
65.5218	211.58	-0.871969
65.5679	211.52	-0.872556
65.6968	211.367	-0.872161
65.7446	211.31	-0.872032
65.791	211.253	-0.871693
65.832	211.194	-0.870827
65.8813	211.135	-0.862964
65.9288	211.08	-0.862601
65.975	211.026	-0.861552
66.0209	210.972	-0.860276
66.0666	210.919	-0.859439
66.1077	210.87	-0.857549
66.1524	210.819	-0.85758
66.1974	210.767	-0.856952
66.2416	210.716	-0.856975
66.2847	210.666	-0.856538
66.3273	210.617	-0.856093
66.3691	210.569	-0.856077
66.392	210.528	-0.857692
66.4321	210.482	-0.857872
66.4715	210.436	-0.858264
66.5092	210.392	-0.857966
66.55	210.345	-0.857936
66.5895	210.3	-0.857665
66.6246	210.259	-0.857547
66.6425	210.214	-0.860368
66.6823	210.165	-0.867104
66.723	210.117	-0.867302
66.7605	210.072	-0.867229
66.8002	210.025	-0.867632
66.841	209.977	-0.867166
66.8837	209.927	-0.866952
66.928	209.875	-0.866986
66.974	209.821	-0.867487
67.0173	209.753	-0.867523
67.0673	209.694	-0.868754
67.1185	209.634	-0.86934
67.1711	209.572	-0.869948
67.2243	209.509	-0.870346
67.2782	209.445	-0.870754
67.3303	209.382	-0.870284
67.384	209.318	-0.871133
67.4362	209.256	-0.871293
67.4874	209.195	-0.87166
67.5381	209.135	-0.871576
67.5878	209.076	-0.871255
67.6195	209.022	-0.870139
67.6673	208.966	-0.870894
67.7138	208.91	-0.869856
67.7597	208.856	-0.870139
67.805	208.802	-0.870411
67.8486	208.75	-0.871037
67.8868	208.701	-0.871355
67.9327	208.646	-0.870974
67.9791	208.591	-0.872595
68.0255	208.536	-0.87333
68.075	208.477	-0.865474
68.1227	208.421	-0.866224
68.1531	208.358	-0.867859
68.201	208.302	-0.868171
68.2543	208.239	-0.869233
68.3026	208.182	-0.869331
68.3516	208.124	-0.86944
68.3966	208.068	-0.868652
68.4428	208.012	-0.868135
68.4916	207.954	-0.868239
68.5403	207.897	-0.867455
68.5886	207.84	-0.867994
68.6367	207.783	-0.868088
68.6856	207.725	-0.867972
68.7292	207.676	-0.867414
68.7773	207.619	-0.86795
68.8254	207.563	-0.868044
68.8732	207.506	-0.868133
68.9211	207.45	-0.868665
68.9639	207.391	-0.870074
69.0113	207.334	-0.870159
69.0584	207.278	-0.870682
69.1055	207.223	-0.871426
69.1526	207.167	-0.871728
69.2024	207.107	-0.88027
69.2457	207.053	-0.880023
69.286	206.999	-0.880453
69.3322	206.943	-0.881192
69.3781	206.888	-0.88104
69.4237	206.832	-0.881328
69.4607	206.773	-0.882895
69.5032	206.716	-0.883855
69.5493	206.66	-0.882824
69.5955	206.603	-0.884452
69.6442	206.544	-0.876148
69.6906	206.489	-0.876222
69.7355	206.428	-0.877776
69.7772	206.36	-0.881332
69.8239	206.303	-0.881414
69.8709	206.246	-0.881281
69.9174	206.19	-0.881361
69.964	206.133	-0.881
70.0139	206.073	-0.889328
70.0508	206.01	-0.892658
70.0968	205.953	-0.891189
70.1452	205.893	-0.882003
70.1919	205.836	-0.881865
70.2416	205.776	-0.889529
70.288	205.718	-0.890059
70.3218	205.653	-0.895461
70.3685	205.594	-0.896
70.4155	205.536	-0.895879
70.4629	205.476	-0.896209
70.5106	205.417	-0.895436
70.5587	205.357	-0.895556
70.6058	205.29	-0.898302
70.6545	205.229	-0.898433
70.7033	205.167	-0.899232
70.7531	205.105	-0.898938
70.803	205.042	-0.89909
70.8533	204.979	-0.897921
70.8947	204.898	-0.902913
70.9449	204.835	-0.90241
70.9954	204.771	-0.903238
71.0457	204.707	-0.90318
71.0964	204.643	-0.902463
71.1481	204.577	-0.900654
71.2007	204.495	-0.902263
71.2534	204.428	-0.904016
71.3063	204.361	-0.904443
71.3596	204.293	-0.90355
71.4133	204.225	-0.903105
71.4588	204.13	-0.910755
71.5133	204.06	-0.909889
71.5682	203.989	-0.911466
71.6228	203.919	-0.910156
71.6776	203.849	-0.909294
71.7326	203.778	-0.908655
71.7801	203.688	-0.914176
71.8352	203.617	-0.913323
71.8914	203.544	-0.914483
71.9477	203.471	-0.914757
72.0043	203.397	-0.915481
72.0543	203.309	-0.91821
72.1117	203.233	-0.918065
72.1699	203.157	-0.917047
72.2282	203.081	-0.917802
72.2822	202.988	-0.922902
72.3404	202.911	-0.922554
72.3987	202.834	-0.922209
72.4576	202.756	-0.921207
72.5161	202.679	-0.919091
72.5687	202.593	-0.919739
72.6275	202.516	-0.920064
72.6864	202.439	-0.919503
72.7363	202.36	-0.92018
72.7884	202.281	-0.920835
72.8474	202.203	-0.920276
72.9064	202.126	-0.919497
72.9654	202.048	-0.920931
73.0232	201.972	-0.921018
73.0628	201.897	-0.925938
73.1199	201.821	-0.924911
73.1766	201.746	-0.923655
73.2334	201.671	-0.921736
73.2825	201.596	-0.925111
73.3385	201.521	-0.924728
73.3944	201.447	-0.923901
73.4505	201.373	-0.923077
73.5072	201.298	-0.922483
73.5545	201.227	-0.922631
73.6115	201.152	-0.9216
73.6693	201.075	-0.922132
73.7272	200.999	-0.921335
73.7737	200.923	-0.922764
73.8322	200.846	-0.921978
73.8912	200.768	-0.91965
73.9501	200.69	-0.918203
74.0081	200.604	-0.918898
74.0667	200.527	-0.91833
74.1256	200.45	-0.917546
74.185	200.372	-0.916326
74.2448	200.295	-0.91511
74.3013	200.216	-0.916178
74.3624	200.137	-0.91587
74.4234	200.057	-0.914674
74.4844	199.978	-0.913699
74.5438	199.9	-0.914188
74.5945	199.822	-0.915124
74.6557	199.743	-0.912381
74.717	199.664	-0.911628
74.7776	199.585	-0.910198
74.8361	199.503	-0.907748
74.8959	199.426	-0.906521
74.9557	199.35	-0.904628
75.011	199.276	-0.900618
75.0696	199.201	-0.900508
75.1296	199.126	-0.899054
75.1901	199.05	-0.897163
75.2507	198.974	-0.896159
75.3108	198.899	-0.896252
75.3687	198.822	-0.893791
75.4296	198.746	-0.892566
75.4898	198.671	-0.890662
75.5486	198.596	-0.888933
75.5982	198.515	-0.888361
75.6576	198.442	-0.886883
75.7173	198.369	-0.884079
75.7771	198.296	-0.882825
75.8366	198.224	-0.881342
75.8897	198.148	-0.882295
75.9496	198.075	-0.879709
76.0097	198.003	-0.877567
76.0702	197.93	-0.874323
76.1245	197.852	-0.877371
76.1848	197.779	-0.876338
76.2446	197.708	-0.873523
76.3042	197.636	-0.870924
76.3589	197.562	-0.869411
76.4179	197.492	-0.867463
76.4772	197.422	-0.864187
76.5363	197.353	-0.862677
76.5956	197.284	-0.860504
76.6488	197.207	-0.86009
76.7083	197.137	-0.857253
76.7685	197.068	-0.854423
76.8294	196.998	-0.850938
76.8909	196.928	-0.850337
76.9518	196.858	-0.849504
77.0091	196.782	-0.851174
77.0704	196.712	-0.848798
77.1316	196.642	-0.84686
77.1915	196.567	-0.84524
77.2529	196.497	-0.844331
77.3138	196.428	-0.842828
77.3746	196.36	-0.841543
77.4356	196.292	-0.839595
77.4968	196.224	-0.837869
77.5484	196.155	-0.838694
77.6105	196.085	-0.838534
77.6725	196.017	-0.83704
77.7298	195.945	-0.837997
77.7835	195.871	-0.841661
77.8459	195.801	-0.840621
77.9087	195.731	-0.837593
77.9722	195.661	-0.83723
78.0313	195.585	-0.836909
78.0895	195.511	-0.837735
78.152	195.441	-0.836913
78.215	195.372	-0.835877
78.2782	195.302	-0.834178
78.3384	195.215	-0.838258
78.4019	195.144	-0.837231
78.4659	195.073	-0.835989
78.5303	195.002	-0.834973
78.5972	194.923	-0.835387
78.6612	194.852	-0.835473
78.7259	194.781	-0.834683
78.7908	194.709	-0.834783
78.8556	194.637	-0.833992
78.9159	194.563	-0.835479
78.9799	194.493	-0.835121
79.0437	194.422	-0.83476
79.1078	194.351	-0.833074
79.1712	194.28	-0.833549
79.2323	194.207	-0.834517
79.2963	194.136	-0.833492
79.3602	194.066	-0.832688
79.4241	193.995	-0.831662
79.4857	193.921	-0.832308
79.5497	193.85	-0.833056
79.6133	193.78	-0.832468
79.6765	193.711	-0.83165
79.7435	193.635	-0.831111
79.8062	193.567	-0.83095
79.8687	193.498	-0.830565
79.9304	193.43	-0.831055
79.9912	193.364	-0.830422
80.0433	193.295	-0.83079
80.1028	193.23	-0.829917
80.1621	193.165	-0.82904
80.2211	193.1	-0.827049
80.2795	193.037	-0.827486
80.3276	192.97	-0.828996
80.3839	192.909	-0.829402
80.4398	192.848	-0.828916
80.4951	192.787	-0.828419
80.5499	192.727	-0.827696
80.6045	192.668	-0.828517
80.6496	192.592	-0.830629
80.7029	192.534	-0.831656
80.756	192.476	-0.832237
80.8091	192.417	-0.832154
80.8629	192.358	-0.830974
80.9167	192.299	-0.831344
80.9562	192.246	-0.833779
81.0111	192.186	-0.833503
81.0663	192.125	-0.833011
81.1221	192.063	-0.832748
81.1787	192.001	-0.833162
81.2352	191.939	-0.833574
81.2792	191.866	-0.837163
81.3369	191.802	-0.83649
81.3948	191.738	-0.836927
81.4528	191.674	-0.836922
81.5107	191.61	-0.836695
81.5689	191.545	-0.836029
81.6244	191.476	-0.838955
81.6827	191.411	-0.83918
81.7412	191.345	-0.838964
81.7998	191.28	-0.838527
81.8589	191.215	-0.838097
81.9185	191.148	-0.83679
81.9734	191.084	-0.83759
82.0333	191.018	-0.837394
82.0932	190.951	-0.838748
82.1532	190.884	-0.838111
82.2135	190.817	-0.838365
82.2625	190.745	-0.839207
82.3233	190.677	-0.840799
82.3833	190.61	-0.840828
82.443	190.543	-0.842184
82.502	190.477	-0.843309
82.5611	190.411	-0.844213
82.6177	190.342	-0.845116
82.6722	190.272	-0.8486
82.7304	190.206	-0.849718
82.7889	190.139	-0.850619
82.8461	190.074	-0.85261
82.9024	190.009	-0.85459
82.9585	189.944	-0.854847
83.0084	189.878	-0.85715
83.0635	189.815	-0.858671
83.1181	189.752	-0.859301
83.1724	189.689	-0.859704
83.2166	189.608	-0.8645
83.2682	189.544	-0.865349
83.3196	189.483	-0.86638
83.3709	189.423	-0.867852
83.4215	189.363	-0.868426
83.4714	189.304	-0.868992
83.5159	189.239	-0.87039
83.5603	189.176	-0.870775
83.6091	189.118	-0.869552
83.6576	189.06	-0.871204
83.7053	189.004	-0.87063
83.752	188.948	-0.869594
83.7882	188.878	-0.87349
83.8237	188.809	-0.877402
83.8688	188.755	-0.876126
83.9137	188.701	-0.877064
83.9586	188.647	-0.875783
84.0029	188.594	-0.87516
84.0471	188.541	-0.875418
84.091	188.488	-0.875451
84.1146	188.405	-0.883684
84.1586	188.352	-0.883504
84.2024	188.298	-0.882878
84.2467	188.245	-0.883145
84.2915	188.19	-0.882092
84.3368	188.135	-0.881265
84.3495	188.046	-0.891343
84.3955	187.989	-0.891203
84.4414	187.932	-0.890394
84.4872	187.875	-0.890029
84.5326	187.819	-0.888991
84.5772	187.764	-0.888161
84.6152	187.704	-0.888921
84.6399	187.635	-0.894394
84.6812	187.584	-0.893737
84.7207	187.534	-0.893272
84.7589	187.487	-0.893007
84.7954	187.442	-0.892492
84.8306	187.398	-0.892399
84.848	187.345	-0.891415
84.884	187.301	-0.891113
84.9167	187.26	-0.896074
84.9534	187.215	-0.896007
84.9877	187.172	-0.890139
85.0266	187.124	-0.88944
85.0592	187.084	-0.888638
85.0943	187.04	-0.893637
85.1133	186.983	-0.898933
85.1455	186.942	-0.898795
85.1835	186.895	-0.899195
85.2198	186.849	-0.899347
85.2575	186.802	-0.900407
85.2971	186.752	-0.900391
85.3379	186.7	-0.899509
85.3796	186.648	-0.898198
85.4214	186.595	-0.898438
85.4575	186.533	-0.900338
85.4985	186.481	-0.900568
85.5389	186.43	-0.900565
85.5787	186.38	-0.900331
85.6185	186.33	-0.899654
85.6571	186.281	-0.899844
85.6942	186.234	-0.898902
85.7238	186.175	-0.902724
85.764	186.124	-0.902056
85.7995	186.079	-0.901753
85.8383	186.03	-0.901061
85.8783	185.979	-0.893964
85.918	185.93	-0.899705
85.9533	185.885	-0.893191
85.9865	185.844	-0.893066
86.013	185.793	-0.894746
86.0456	185.753	-0.895056
86.08	185.71	-0.90071
86.1158	185.665	-0.899745
86.1477	185.625	-0.899382
86.1833	185.58	-0.8993
86.2151	185.54	-0.899378
86.2413	185.496	-0.902137
86.2763	185.452	-0.902094
86.3066	185.413	-0.902169
86.3397	185.371	-0.896508
86.3719	185.331	-0.896591
86.4062	185.288	-0.903133
86.439	185.246	-0.902565
86.4764	185.199	-0.902734
86.5141	185.151	-0.903355
86.5529	185.102	-0.903329
86.5892	185.049	-0.903518
86.6255	185.003	-0.903895
86.6625	184.956	-0.903839
86.7005	184.908	-0.904021
86.7393	184.858	-0.903331
86.7788	184.808	-0.902652
86.8192	184.757	-0.902872
86.8606	184.705	-0.902001
86.8864	184.654	-0.908224
86.9294	184.599	-0.907827
86.973	184.543	-0.907662
87.0174	184.486	-0.907733
87.0623	184.429	-0.906925
87.1079	184.37	-0.906571
87.1611	184.298	-0.908195
87.207	184.24	-0.909177
87.2529	184.181	-0.90905
87.2986	184.122	-0.908701
87.3443	184.063	-0.908128
87.3899	184.005	-0.907554
87.435	183.947	-0.906456
87.4685	183.899	-0.908478
87.5143	183.84	-0.907686
87.56	183.782	-0.90689
87.6056	183.723	-0.906979
87.641	183.668	-0.907786
87.6866	183.609	-0.906194
87.7331	183.55	-0.906076
87.7794	183.491	-0.905733
87.8258	183.432	-0.90539
87.8719	183.373	-0.905485
87.9224	183.312	-0.90601
87.9721	183.251	-0.905407
88.019	183.191	-0.897764
88.0645	183.134	-0.897842
88.1088	183.078	-0.89768
88.1526	183.023	-0.89751
88.1958	182.967	-0.897119
88.2356	182.904	-0.900589
88.2788	182.849	-0.899968
88.3218	182.795	-0.899122
88.3649	182.741	-0.898941
88.4073	182.688	-0.899191
88.4498	182.634	-0.899001
88.4936	182.574	-0.899094
88.5359	182.521	-0.898014
88.5782	182.468	-0.898041
88.6209	182.414	-0.897854
88.6634	182.361	-0.897439
88.7057	182.308	-0.897909
88.7477	182.255	-0.898595
88.7894	182.203	-0.898613
88.8311	182.15	-0.898408
88.8712	182.097	-0.897674
88.9132	182.044	-0.897473
88.955	181.992	-0.897048
88.9967	181.94	-0.896622
89.039	181.887	-0.896204
89.0814	181.834	-0.895567
89.1216	181.78	-0.895981
89.1615	181.726	-0.897011
89.2049	181.671	-0.897053
89.2482	181.617	-0.896875
89.2921	181.562	-0.89604
89.3358	181.507	-0.895423
89.3796	181.453	-0.894585
89.4305	181.382	-0.89766
89.4755	181.325	-0.897731
89.5198	181.27	-0.898012
89.5645	181.214	-0.898522
89.6094	181.157	-0.898591
89.6543	181.101	-0.897996
89.706	181.034	-0.898019
89.751	180.978	-0.897867
89.7963	180.921	-0.897943
89.8512	180.852	-0.896624
89.8998	180.792	-0.904282
89.9467	180.737	-0.903751
89.9924	180.679	-0.90384
90.0382	180.621	-0.90415
90.0843	180.562	-0.903802
90.1308	180.503	-0.903239
90.1781	180.443	-0.902686
90.2245	180.384	-0.901271
90.2626	180.337	-0.898962
90.3105	180.277	-0.899523
90.3579	180.218	-0.9003
90.4058	180.157	-0.900641
90.4539	180.097	-0.900322
90.502	180.03	-0.901645
90.5505	179.969	-0.900004
90.5992	179.908	-0.900803
90.648	179.846	-0.89983
90.6968	179.785	-0.8993
90.7459	179.723	-0.898774
90.789	179.665	-0.898991
90.8347	179.605	-0.899772
90.8847	179.542	-0.89749
90.9352	179.479	-0.89765
90.9858	179.415	-0.897369
91.0368	179.352	-0.896873
91.0819	179.298	-0.896431
91.1335	179.234	-0.896164
91.1853	179.169	-0.89568
91.2375	179.104	-0.89631
91.2893	179.039	-0.895382
91.3412	178.974	-0.894012
91.3931	178.903	-0.892096
91.4457	178.838	-0.890733
91.4988	178.772	-0.88827
91.5519	178.707	-0.886248
91.6055	178.641	-0.88556
91.6584	178.576	-0.88464
91.7118	178.51	-0.883521
91.7615	178.442	-0.884569
91.8158	178.375	-0.882783
91.8706	178.309	-0.880118
91.9982	178.154	-0.879721
92.0535	178.087	-0.877724
92.107	178.019	-0.877107
92.1622	177.952	-0.87688
92.217	177.887	-0.875315
92.2717	177.821	-0.873747
92.3266	177.756	-0.872181
92.3777	177.683	-0.872569
92.4336	177.617	-0.869688
92.4895	177.551	-0.869463
92.5457	177.484	-0.867249
92.6024	177.417	-0.865704
92.6594	177.35	-0.863719
92.7169	177.281	-0.8623
92.7751	177.213	-0.860552
92.8331	177.146	-0.861458
92.891	177.078	-0.860149
92.9494	177.01	-0.859509
93.0082	176.942	-0.857988
93.0675	176.872	-0.854828
93.127	176.803	-0.851764
93.1869	176.735	-0.851141
93.2476	176.666	-0.84964
93.3089	176.596	-0.848591
93.3713	176.525	-0.846673
93.4423	176.45	-0.843133
93.5076	176.377	-0.84081
93.5741	176.302	-0.840276
93.6405	176.227	-0.839689
93.7074	176.147	-0.840457
93.7762	176.07	-0.839735
93.8459	175.993	-0.839468
93.917	175.913	-0.83723
93.989	175.833	-0.835446
94.0582	175.755	-0.833653
94.132	175.674	-0.831891
94.2069	175.592	-0.831029
94.2833	175.508	-0.829303
94.3627	175.413	-0.827112
94.4418	175.327	-0.825201
94.5209	175.241	-0.82639
94.5989	175.156	-0.825807
94.6673	175.078	-0.825776
94.7465	174.992	-0.825415
94.8249	174.907	-0.823712
94.9011	174.826	-0.819902
94.9763	174.746	-0.817721
95.0538	174.664	-0.816658
95.1318	174.581	-0.81383
95.2096	174.499	-0.812104
95.2823	174.421	-0.811754
95.3561	174.343	-0.810492
95.4333	174.261	-0.811412
95.51	174.181	-0.810552
95.5866	174.1	-0.80969
95.6616	174.026	-0.807176
95.7376	173.947	-0.804528
95.8144	173.867	-0.801226
95.8907	173.788	-0.801014
95.9667	173.71	-0.79991
96.0386	173.636	-0.796012
96.1162	173.557	-0.794704
96.1944	173.477	-0.792961
96.2731	173.397	-0.79211
96.3505	173.317	-0.792935
96.4196	173.238	-0.794611
96.4996	173.156	-0.793558
96.5802	173.074	-0.79207
96.6611	172.992	-0.790584
96.7423	172.901	-0.785304
96.8224	172.821	-0.783798
97.0129	172.632	-0.78011
97.0924	172.551	-0.776094
97.1688	172.474	-0.774709
97.2504	172.394	-0.775208
97.3322	172.314	-0.774823
97.4139	172.234	-0.774658
97.4742	172.163	-0.775707
97.5553	172.084	-0.773983
97.6359	172.005	-0.769149
97.7156	171.928	-0.768064
97.782	171.854	-0.765913
97.8611	171.778	-0.763042
97.9407	171.702	-0.76084
98.0207	171.626	-0.759748
98.1003	171.55	-0.757987
98.1715	171.494	-0.754651
98.2507	171.42	-0.753765
98.33	171.345	-0.752878
98.4099	171.27	-0.751335
98.4883	171.196	-0.748826
98.564	171.123	-0.745901
98.6441	171.049	-0.745462
98.7243	170.975	-0.743028
98.8048	170.901	-0.740153
98.8696	170.838	-0.740375
98.9502	170.765	-0.73905
99.0315	170.691	-0.737068
99.1128	170.617	-0.735972
99.2097	170.533	-0.737251
99.2907	170.459	-0.736148
99.3716	170.386	-0.73438
99.4522	170.313	-0.732605
99.5325	170.241	-0.730383
99.6039	170.177	-0.724847
99.6845	170.106	-0.723286
99.7647	170.035	-0.720609
99.8473	169.958	-0.717811
99.9297	169.881	-0.71679
100.011	169.81	-0.716342
100.094	169.738	-0.713917
100.178	169.666	-0.714153
100.25	169.597	-0.712729
100.319	169.529	-0.711422
100.404	169.456	-0.708788
100.488	169.385	-0.705926
100.572	169.312	-0.701519
100.659	169.245	-0.697895
100.745	169.173	-0.69506
100.833	169.1	-0.692452
100.921	169.027	-0.690515
101.007	168.952	-0.690704
101.096	168.877	-0.68923
101.188	168.802	-0.686003
101.28	168.727	-0.684558
101.371	168.652	-0.681554
101.456	168.579	-0.679967
101.548	168.504	-0.676961
101.641	168.43	-0.673077
101.736	168.354	-0.669434
101.829	168.282	-0.666205
101.924	168.207	-0.666332
102.019	168.132	-0.664898
102.113	168.059	-0.6639
102.207	167.985	-0.662459
102.289	167.922	-0.660323
102.383	167.848	-0.657112
102.477	167.776	-0.656106
102.569	167.705	-0.654409
102.659	167.634	-0.652637
102.745	167.561	-0.652874
102.838	167.49	-0.650736
102.932	167.418	-0.649725
103.026	167.347	-0.649152
103.096	167.295	-0.648274
103.188	167.225	-0.64702
103.281	167.155	-0.64643
103.365	167.084	-0.646066
103.451	167.014	-0.643264
103.543	166.945	-0.641109
103.635	166.876	-0.640294
103.728	166.807	-0.63704
103.821	166.738	-0.633571
103.918	166.654	-0.632838
104.014	166.584	-0.631606
104.111	166.513	-0.629954
104.208	166.441	-0.629854
104.281	166.377	-0.632318
104.378	166.307	-0.629329
104.476	166.235	-0.627459
104.574	166.164	-0.625595
104.672	166.094	-0.620172
104.765	166.022	-0.619034
104.863	165.952	-0.616266
104.96	165.883	-0.61615
105.057	165.815	-0.613816
105.154	165.746	-0.612744
105.214	165.681	-0.616364
105.311	165.613	-0.61513
105.407	165.544	-0.615673
105.498	165.483	-0.613153
105.587	165.426	-0.609742
105.682	165.36	-0.606272
105.777	165.294	-0.603019
105.872	165.228	-0.59977
105.969	165.161	-0.600525
106.051	165.096	-0.603562
106.149	165.028	-0.601894
106.247	164.961	-0.600671
106.346	164.893	-0.599235
106.446	164.825	-0.596255
106.513	164.772	-0.598814
106.612	164.705	-0.596934
106.71	164.638	-0.595044
106.786	164.57	-0.593713
106.883	164.504	-0.591547
106.982	164.437	-0.589449
107.082	164.37	-0.588451
107.182	164.303	-0.588792
107.281	164.237	-0.588453
107.349	164.168	-0.594429
107.448	164.102	-0.593645
107.546	164.036	-0.592191
107.643	163.966	-0.589894
107.736	163.891	-0.592677
107.833	163.826	-0.590544
107.929	163.761	-0.589281
108.025	163.697	-0.588686
108.122	163.633	-0.587876
108.21	163.554	-0.591573
108.306	163.489	-0.592983
108.403	163.424	-0.592393
108.499	163.359	-0.590923
108.58	163.285	-0.593992
108.676	163.221	-0.593397
108.772	163.156	-0.589707
108.869	163.091	-0.588229
108.956	163.021	-0.588963
109.051	162.957	-0.588805
109.147	162.893	-0.588428
109.243	162.83	-0.587384
109.339	162.765	-0.585017
109.431	162.693	-0.590173
109.527	162.629	-0.589578
109.623	162.565	-0.588986
109.719	162.5	-0.586837
109.812	162.436	-0.585231
109.891	162.365	-0.58383
109.986	162.302	-0.582335
110.081	162.24	-0.581721
110.177	162.177	-0.58089
110.248	162.113	-0.583456
110.343	162.051	-0.583289
110.439	161.987	-0.582022
110.535	161.924	-0.582525
110.606	161.869	-0.583561
110.7	161.806	-0.582276
110.795	161.744	-0.580555
110.891	161.681	-0.577949
110.987	161.619	-0.573798
111.081	161.542	-0.579164
111.178	161.478	-0.580344
111.275	161.415	-0.578861
111.371	161.352	-0.576707
111.628	161.186	-0.573396
111.717	161.123	-0.575256
111.812	161.061	-0.572653
111.908	160.999	-0.571597
112.004	160.939	-0.567531
112.098	160.879	-0.564681
112.191	160.82	-0.562924
112.285	160.761	-0.561167
112.379	160.701	-0.558319
112.466	160.636	-0.56041
112.55	160.57	-0.561792
112.644	160.511	-0.560705
112.738	160.452	-0.559175
112.831	160.394	-0.557859
112.925	160.335	-0.55367
113.007	160.269	-0.558735
113.099	160.211	-0.555636
113.191	160.154	-0.553858
113.283	160.097	-0.55274
113.376	160.04	-0.55119
113.47	159.982	-0.548108
113.552	159.913	-0.553172
113.646	159.854	-0.551865
113.742	159.795	-0.550792
113.836	159.737	-0.549927
113.931	159.68	-0.549063
114.026	159.621	-0.546217
114.119	159.565	-0.545284
114.199	159.515	-0.544446
114.294	159.458	-0.544691
114.389	159.4	-0.543835
114.485	159.342	-0.542314
114.581	159.284	-0.540359
114.676	159.225	-0.542728
114.759	159.162	-0.545176
114.856	159.104	-0.545666
114.952	159.045	-0.546145
115.048	158.987	-0.545296
115.133	158.927	-0.548934
115.226	158.868	-0.550996
115.321	158.809	-0.550138
115.417	158.751	-0.551058
115.513	158.692	-0.55132
115.609	158.633	-0.551808
115.706	158.574	-0.550897
115.804	158.516	-0.552614
115.902	158.456	-0.553563
116.164	158.293	-0.555159
116.262	158.233	-0.555446
116.354	158.168	-0.554859
116.452	158.108	-0.554706
116.55	158.047	-0.553888
116.649	157.985	-0.555961
116.748	157.924	-0.557593
116.848	157.862	-0.558348
116.946	157.8	-0.558651
117.03	157.738	-0.562302
117.129	157.676	-0.561494
117.226	157.615	-0.561554
117.321	157.554	-0.563148
117.415	157.495	-0.561843
117.488	157.444	-0.562956
117.578	157.387	-0.562936
117.667	157.331	-0.562907
117.757	157.274	-0.561548
117.845	157.219	-0.562612
117.911	157.164	-0.569117
117.996	157.11	-0.567933
118.08	157.056	-0.566953
118.163	157.004	-0.566403
118.244	156.952	-0.565392
118.324	156.901	-0.561706
118.385	156.85	-0.565035
118.462	156.802	-0.562409
118.536	156.755	-0.559534
118.608	156.71	-0.557969
118.679	156.666	-0.556604
118.75	156.622	-0.554345
118.819	156.579	-0.553851
118.871	156.545	-0.554194
118.939	156.503	-0.553011
119.007	156.461	-0.551619
119.076	156.419	-0.550893
119.146	156.376	-0.54929
119.216	156.333	-0.548577
119.287	156.289	-0.54876
119.347	156.247	-0.548083
119.418	156.203	-0.547165
119.49	156.159	-0.545807
119.562	156.116	-0.543562
119.634	156.072	-0.540876
119.707	156.028	-0.54152
119.78	155.985	-0.540389
119.854	155.94	-0.538828
119.924	155.914	-0.535763
120	155.869	-0.53489
120.077	155.823	-0.532926
120.156	155.776	-0.532973
120.235	155.729	-0.531917
120.316	155.682	-0.531536
120.397	155.635	-0.530944
120.465	155.581	-0.532236
120.548	155.532	-0.529234
120.631	155.484	-0.52888
120.714	155.435	-0.529418
120.797	155.387	-0.529287
120.884	155.329	-0.530721
120.968	155.278	-0.531604
121.053	155.228	-0.531493
121.137	155.179	-0.531154
121.22	155.13	-0.531915
121.302	155.082	-0.531779
121.363	155.042	-0.534443
121.411	155.008	-0.537966
121.488	154.961	-0.537781
121.565	154.915	-0.53736
121.64	154.871	-0.53803
121.713	154.827	-0.538012
121.784	154.785	-0.537302
121.853	154.744	-0.537446
121.896	154.697	-0.542617
121.961	154.657	-0.541615
122.023	154.62	-0.541695
122.085	154.582	-0.541989
122.149	154.544	-0.533883
122.208	154.509	-0.533914
122.266	154.475	-0.533937
122.396	154.398	-0.5357
122.446	154.372	-0.536319
122.486	154.359	-0.53588
122.539	154.328	-0.53584
122.593	154.296	-0.536254
122.647	154.264	-0.536452
122.703	154.231	-0.537114
122.759	154.197	-0.5369
122.817	154.162	-0.536479
122.853	154.118	-0.544764
122.912	154.082	-0.545026
122.973	154.045	-0.545748
123.041	154.003	-0.545904
123.105	153.965	-0.546436
123.169	153.926	-0.54632
123.236	153.885	-0.546676
123.304	153.844	-0.547255
123.365	153.808	-0.547503
123.386	153.801	-0.548679
123.458	153.757	-0.549093
123.531	153.713	-0.549521
123.606	153.667	-0.549973
123.681	153.621	-0.550868
123.756	153.574	-0.55111
123.833	153.527	-0.550473
123.89	153.488	-0.553485
123.967	153.441	-0.553737
124.044	153.393	-0.554216
124.122	153.345	-0.554487
124.199	153.297	-0.55497
124.277	153.248	-0.554796
124.333	153.211	-0.555761
124.369	153.184	-0.5574
124.445	153.137	-0.557429
124.521	153.09	-0.557449
124.594	153.044	-0.557887
124.666	152.999	-0.558308
124.737	152.955	-0.558491
124.806	152.912	-0.557551
124.874	152.869	-0.556595
124.913	152.833	-0.562051
124.976	152.793	-0.562156
125.039	152.753	-0.562693
125.101	152.714	-0.56233
125.162	152.676	-0.561951
125.222	152.638	-0.561563
125.281	152.601	-0.561169
125.34	152.564	-0.561216
125.378	152.532	-0.564953
125.437	152.494	-0.565005
125.496	152.457	-0.565056
125.556	152.419	-0.565111
125.616	152.381	-0.564947
125.676	152.343	-0.565456
125.736	152.304	-0.565294
125.796	152.266	-0.564245
125.829	152.24	-0.567488
125.889	152.202	-0.565555
125.949	152.164	-0.564067
126.009	152.126	-0.563016
126.069	152.088	-0.562847
126.129	152.05	-0.561793
126.189	152.012	-0.560308
126.249	151.975	-0.558814
126.31	151.937	-0.557104
126.367	151.9	-0.555957
126.406	151.871	-0.554935
126.475	151.829	-0.553318
126.537	151.791	-0.552285
126.598	151.753	-0.551474
126.661	151.714	-0.550009
126.723	151.676	-0.548537
126.786	151.638	-0.547729
126.846	151.599	-0.547481
126.91	151.556	-0.548348
126.972	151.518	-0.546208
127.034	151.48	-0.544947
127.102	151.439	-0.544208
127.162	151.403	-0.543377
127.223	151.366	-0.542992
127.285	151.329	-0.541731
127.346	151.292	-0.540462
127.407	151.255	-0.539415
127.452	151.223	-0.540761
127.513	151.186	-0.539941
127.582	151.145	-0.539211
127.645	151.107	-0.53818
127.707	151.07	-0.537587
127.769	151.033	-0.536779
127.832	150.996	-0.535523
127.894	150.959	-0.534706
127.948	150.927	-0.536992
128.01	150.891	-0.536175
128.071	150.854	-0.535135
128.133	150.817	-0.53387
128.194	150.781	-0.533487
128.256	150.745	-0.532885
128.317	150.709	-0.53228
128.378	150.673	-0.531231
128.439	150.637	-0.530402
128.498	150.6	-0.53005
128.548	150.563	-0.532082
128.611	150.526	-0.531494
128.673	150.489	-0.530676
128.736	150.452	-0.529645
128.799	150.416	-0.529057
128.862	150.379	-0.52891
128.925	150.342	-0.528768
128.987	150.304	-0.536132
129.052	150.264	-0.535195
129.115	150.227	-0.533509
129.179	150.189	-0.533159
129.242	150.151	-0.53258
129.306	150.114	-0.532663
129.369	150.077	-0.532079
129.439	150.035	-0.531585
129.503	149.998	-0.530785
129.567	149.961	-0.530211
129.602	149.948	-0.528558
129.666	149.91	-0.527551
129.732	149.872	-0.528101
129.798	149.834	-0.527326
129.864	149.795	-0.526774
129.93	149.757	-0.526667
129.996	149.718	-0.52656
130.063	149.679	-0.524914
130.081	149.682	-0.525354
130.148	149.643	-0.524594
130.216	149.604	-0.523612
130.283	149.566	-0.52263
130.35	149.527	-0.522973
130.417	149.489	-0.52265
130.484	149.45	-0.521225
130.549	149.401	-0.523909
130.609	149.339	-0.530103
130.676	149.3	-0.529344
130.743	149.26	-0.528589
130.811	149.221	-0.528061
130.88	149.181	-0.526431
130.948	149.141	-0.526353
131.016	149.101	-0.526268
131.069	149.052	-0.531774
131.137	149.011	-0.53103
131.206	148.971	-0.530287
131.274	148.931	-0.528218
131.343	148.891	-0.527029
131.411	148.851	-0.527612
131.482	148.789	-0.532029
131.551	148.74	-0.533457
131.617	148.7	-0.532695
131.684	148.661	-0.531929
131.751	148.622	-0.530061
131.818	148.582	-0.53041
131.884	148.543	-0.529201
131.951	148.505	-0.528435
132.01	148.469	-0.528754
132.067	148.433	-0.529193
132.134	148.394	-0.527762
132.2	148.356	-0.528541
132.266	148.317	-0.527766
132.331	148.279	-0.526545
132.397	148.241	-0.525543
132.461	148.204	-0.524975
132.52	148.165	-0.525565
132.572	148.125	-0.527794
132.636	148.088	-0.528322
132.699	148.051	-0.527513
132.766	148.013	-0.518328
132.829	147.976	-0.517519
132.892	147.94	-0.51649
132.956	147.904	-0.515684
132.972	147.899	-0.514775
133.04	147.86	-0.521994
133.104	147.823	-0.522747
133.167	147.787	-0.52305
133.231	147.75	-0.522693
133.295	147.713	-0.522114
133.359	147.677	-0.521978
133.43	147.635	-0.521266
133.465	147.61	-0.521981
133.528	147.573	-0.522063
133.606	147.528	-0.522756
133.669	147.492	-0.523054
133.736	147.454	-0.514087
133.799	147.418	-0.513937
133.862	147.382	-0.513797
133.865	147.373	-0.51729
133.928	147.337	-0.516923
133.991	147.301	-0.516553
134.054	147.265	-0.516629
134.121	147.227	-0.524946
134.184	147.19	-0.524585
134.248	147.153	-0.526001
134.287	147.135	-0.526652
134.653	146.923	-0.52631
134.824	146.823	-0.525883
134.888	146.786	-0.526413
134.951	146.75	-0.526715
134.969	146.732	-0.532131
135.032	146.695	-0.532432
135.095	146.658	-0.53273
135.157	146.621	-0.532583
135.219	146.584	-0.533313
135.281	146.547	-0.534936
135.344	146.51	-0.535455
135.412	146.466	-0.537923
135.471	146.429	-0.539391
135.535	146.391	-0.541037
135.6	146.352	-0.543805
135.664	146.313	-0.545018
135.73	146.273	-0.546024
135.795	146.233	-0.548349
135.86	146.194	-0.551113
135.887	146.173	-0.556254
135.952	146.133	-0.557919
136.018	146.092	-0.559819
136.084	146.05	-0.561943
136.15	146.008	-0.562742
136.218	145.966	-0.565766
136.284	145.924	-0.567456
136.315	145.891	-0.572838
136.382	145.848	-0.575862
136.449	145.804	-0.57845
136.517	145.76	-0.579942
136.586	145.715	-0.581661
136.655	145.669	-0.584061
136.724	145.624	-0.58645
136.793	145.578	-0.588844
136.846	145.529	-0.594073
136.915	145.482	-0.595589
136.986	145.435	-0.59579
137.057	145.387	-0.597551
137.128	145.338	-0.598649
137.2	145.289	-0.599758
137.272	145.24	-0.60066
137.302	145.21	-0.603697
137.375	145.16	-0.603488
137.447	145.11	-0.604383
137.519	145.06	-0.60438
137.59	145.011	-0.604151
137.661	144.962	-0.603705
137.732	144.914	-0.60391
137.795	144.85	-0.607215
137.864	144.801	-0.608299
137.933	144.753	-0.608043
138.001	144.706	-0.607337
138.069	144.659	-0.606629
138.137	144.612	-0.605477
138.205	144.564	-0.603444
138.273	144.517	-0.603402
138.323	144.474	-0.606183
138.391	144.427	-0.605913
138.459	144.38	-0.605423
138.526	144.333	-0.60449
138.594	144.286	-0.603777
138.662	144.239	-0.60196
138.73	144.193	-0.601913
138.795	144.147	-0.601843
138.84	144.107	-0.60352
138.907	144.061	-0.603235
138.973	144.015	-0.602062
139.04	143.969	-0.600452
139.107	143.923	-0.599283
139.174	143.877	-0.599011
139.242	143.831	-0.598291
139.302	143.772	-0.602029
139.37	143.726	-0.601314
139.438	143.679	-0.601046
139.507	143.632	-0.599459
139.576	143.585	-0.598093
139.645	143.538	-0.598062
139.712	143.49	-0.597511
139.774	143.443	-0.599092
139.843	143.396	-0.599497
139.912	143.349	-0.599241
139.982	143.301	-0.597662
140.051	143.254	-0.596517
140.12	143.207	-0.596711
140.19	143.16	-0.595795
140.26	143.112	-0.594444
140.323	143.054	-0.597081
140.394	143.006	-0.595956
140.465	142.958	-0.595275
140.536	142.91	-0.593498
140.608	142.861	-0.593718
140.68	142.813	-0.592829
140.753	142.764	-0.591723
140.812	142.705	-0.59462
140.884	142.656	-0.594179
140.956	142.607	-0.5933
141.029	142.558	-0.593743
141.1	142.51	-0.593072
141.172	142.462	-0.591738
141.244	142.413	-0.590845
141.319	142.361	-0.590118
141.407	142.293	-0.589674
141.48	142.244	-0.589686
141.553	142.195	-0.589249
141.626	142.146	-0.587928
141.7	142.098	-0.587051
141.773	142.049	-0.585957
141.847	141.999	-0.582878
141.912	141.947	-0.586547
141.985	141.898	-0.586781
142.059	141.85	-0.586569
142.132	141.801	-0.586133
142.205	141.753	-0.58503
142.278	141.704	-0.582828
142.346	141.649	-0.585396
142.414	141.596	-0.587826
142.488	141.547	-0.586296
142.562	141.497	-0.585432
142.637	141.448	-0.584343
142.712	141.398	-0.58194
142.787	141.349	-0.58086
142.863	141.299	-0.579794
142.934	141.248	-0.580454
143.006	141.199	-0.58116
143.081	141.149	-0.58163
143.156	141.1	-0.581441
143.231	141.05	-0.579479
143.307	141.001	-0.579287
143.382	140.952	-0.578214
143.459	140.902	-0.576927
143.542	140.837	-0.578708
143.619	140.787	-0.576766
143.696	140.736	-0.574165
143.775	140.685	-0.574007
143.853	140.635	-0.573406
143.932	140.584	-0.5717
144.005	140.518	-0.574223
144.083	140.467	-0.573624
144.161	140.417	-0.572582
144.241	140.366	-0.573541
144.32	140.315	-0.57206
144.398	140.264	-0.570136
144.464	140.207	-0.573388
144.544	140.155	-0.57258
144.624	140.104	-0.57001
144.705	140.052	-0.56944
144.786	140	-0.567758
144.868	139.948	-0.566531
144.935	139.896	-0.567429
145.018	139.844	-0.565763
145.1	139.791	-0.563438
145.183	139.739	-0.564431
145.264	139.687	-0.564752
145.346	139.636	-0.564631
145.425	139.575	-0.564723
145.506	139.524	-0.563921
145.587	139.473	-0.562019
145.668	139.421	-0.562554
145.749	139.371	-0.561088
145.829	139.32	-0.559844
145.916	139.26	-0.560075
145.997	139.209	-0.559048
146.077	139.159	-0.556251
146.158	139.109	-0.555666
146.237	139.059	-0.555287
146.316	139.011	-0.555567
146.391	138.951	-0.558685
146.469	138.902	-0.558066
146.546	138.854	-0.556115
146.623	138.806	-0.557032
146.698	138.759	-0.557052
146.762	138.704	-0.560194
146.838	138.657	-0.558668
146.913	138.609	-0.557806
146.99	138.562	-0.556506
147.066	138.514	-0.556982
147.142	138.467	-0.556341
147.219	138.411	-0.556781
147.295	138.364	-0.556356
147.37	138.317	-0.556594
147.445	138.271	-0.557491
147.52	138.224	-0.557284
147.594	138.177	-0.557959
147.668	138.131	-0.558076
147.742	138.08	-0.557951
147.815	138.035	-0.557267
147.887	137.99	-0.556583
147.96	137.945	-0.554579
148.033	137.899	-0.553904
148.107	137.854	-0.553684
148.174	137.802	-0.555847
148.247	137.756	-0.5554
148.321	137.711	-0.554068
148.395	137.665	-0.552736
148.468	137.619	-0.552952
148.542	137.574	-0.554943
148.615	137.528	-0.555157
148.685	137.477	-0.558791
148.757	137.431	-0.559
148.831	137.386	-0.55855
148.904	137.339	-0.557
148.979	137.293	-0.557448
149.052	137.247	-0.55678
149.124	137.201	-0.556042
149.192	137.156	-0.556168
149.267	137.109	-0.555506
149.342	137.063	-0.553524
149.417	137.016	-0.55354
149.491	136.971	-0.553099
149.545	136.933	-0.552991
149.619	136.887	-0.553437
149.693	136.842	-0.554105
149.768	136.795	-0.552566
149.843	136.749	-0.553904
149.918	136.698	-0.554302
149.992	136.651	-0.553911
150.066	136.605	-0.553472
150.141	136.559	-0.552815
150.216	136.513	-0.550833
150.291	136.466	-0.550626
150.362	136.418	-0.551375
150.431	136.369	-0.552547
150.506	136.323	-0.551451
150.581	136.277	-0.551678
150.656	136.231	-0.550801
150.731	136.185	-0.552805
150.806	136.139	-0.553257
150.877	136.081	-0.557253
150.951	136.035	-0.557264
151.026	135.988	-0.557053
151.101	135.941	-0.555073
151.176	135.895	-0.555752
151.251	135.848	-0.55532
151.318	135.793	-0.558616
151.394	135.746	-0.557086
151.469	135.699	-0.556217
151.545	135.651	-0.553585
151.621	135.604	-0.554496
151.697	135.558	-0.554293
151.771	135.504	-0.556862
151.845	135.458	-0.556873
151.92	135.411	-0.55755
151.996	135.364	-0.556463
152.071	135.317	-0.556479
152.147	135.27	-0.556942
152.216	135.222	-0.558382
152.291	135.175	-0.557511
152.366	135.128	-0.556415
152.441	135.081	-0.554883
152.517	135.034	-0.553576
152.593	134.987	-0.552937
152.658	134.933	-0.556725
152.734	134.886	-0.556084
152.809	134.839	-0.556322
152.884	134.793	-0.556999
152.96	134.746	-0.556353
153.035	134.699	-0.557032
153.105	134.635	-0.561482
153.18	134.588	-0.561502
153.255	134.54	-0.561079
153.33	134.493	-0.560651
153.405	134.446	-0.560003
153.48	134.399	-0.558691
153.554	134.341	-0.561467
153.629	134.294	-0.560821
153.704	134.247	-0.559511
153.779	134.199	-0.558863
153.854	134.153	-0.558654
153.929	134.106	-0.559328
153.983	134.05	-0.565253
154.057	134.003	-0.566596
154.131	133.956	-0.566603
154.205	133.909	-0.566611
154.279	133.861	-0.567063
154.34	133.804	-0.571185
154.414	133.757	-0.570531
154.488	133.709	-0.57076
154.561	133.663	-0.570092
154.634	133.616	-0.568315
154.707	133.569	-0.566758
154.761	133.518	-0.568191
154.833	133.472	-0.564634
154.906	133.426	-0.563735
154.978	133.381	-0.563049
155.049	133.335	-0.562361
155.121	133.29	-0.561231
155.191	133.245	-0.560328
155.246	133.2	-0.560277
155.318	133.155	-0.55826
155.389	133.11	-0.557346
155.46	133.066	-0.555093
155.531	133.022	-0.552837
155.601	132.979	-0.550797
155.652	132.931	-0.552068
155.723	132.888	-0.548926
155.793	132.845	-0.546221
155.864	132.801	-0.544849
155.934	132.759	-0.542802
156.003	132.717	-0.541635
156.073	132.675	-0.541355
156.139	132.63	-0.541433
156.209	132.589	-0.539159
156.278	132.547	-0.538211
156.348	132.505	-0.538373
156.417	132.464	-0.537424
156.487	132.423	-0.536471
156.555	132.382	-0.535293
156.607	132.33	-0.538757
156.675	132.29	-0.537351
156.743	132.249	-0.535505
156.812	132.208	-0.532775
156.881	132.167	-0.530929
156.95	132.127	-0.530639
157.01	132.083	-0.531107
157.061	132.038	-0.533726
157.13	131.997	-0.534766
157.199	131.956	-0.534922
157.269	131.915	-0.535075
157.338	131.874	-0.535011
157.408	131.832	-0.535837
157.478	131.791	-0.534452
157.548	131.749	-0.534839
157.625	131.698	-0.537079
157.696	131.657	-0.536807
157.767	131.614	-0.536095
157.838	131.572	-0.534948
157.91	131.53	-0.534685
157.975	131.478	-0.537218
158.046	131.433	-0.535966
158.118	131.39	-0.534603
158.191	131.347	-0.535683
158.263	131.304	-0.536981
158.335	131.261	-0.53784
158.406	131.216	-0.538893
158.474	131.172	-0.54074
158.547	131.128	-0.541829
158.62	131.084	-0.541593
158.694	131.039	-0.540698
158.767	130.995	-0.540021
158.842	130.95	-0.541366
158.902	130.893	-0.546709
158.976	130.848	-0.54649
159.051	130.802	-0.545613
159.126	130.756	-0.544956
159.202	130.711	-0.543858
159.277	130.665	-0.544533
159.348	130.606	-0.547931
159.424	130.559	-0.548835
159.5	130.513	-0.550184
159.575	130.466	-0.550868
159.651	130.42	-0.551776
159.728	130.373	-0.551807
159.791	130.322	-0.553854
159.867	130.275	-0.554326
159.944	130.227	-0.554141
160.021	130.179	-0.552186
160.099	130.132	-0.552447
160.176	130.084	-0.551598
160.267	130.017	-0.554646
160.344	129.969	-0.553357
160.421	129.921	-0.554285
160.499	129.873	-0.555439
160.578	129.824	-0.555937
160.657	129.775	-0.555336
160.742	129.699	-0.560823
160.82	129.65	-0.562647
160.898	129.601	-0.5627
160.975	129.552	-0.562306
161.053	129.503	-0.562136
161.131	129.454	-0.56086
161.213	129.391	-0.563846
161.292	129.341	-0.563686
161.371	129.291	-0.560875
161.449	129.241	-0.559161
161.528	129.192	-0.561214
161.607	129.142	-0.562387
161.698	129.084	-0.564072
161.777	129.034	-0.564802
161.856	128.984	-0.565094
161.935	128.933	-0.566492
162.014	128.883	-0.567218
162.086	128.825	-0.56922
162.161	128.772	-0.571164
162.238	128.723	-0.570104
162.315	128.673	-0.569933
162.393	128.623	-0.569102
162.471	128.574	-0.567824
162.547	128.509	-0.569245
162.625	128.459	-0.569078
162.702	128.409	-0.571127
162.779	128.359	-0.571394
162.856	128.31	-0.571654
162.932	128.261	-0.57214
163.007	128.205	-0.57439
163.084	128.156	-0.573328
163.161	128.106	-0.573374
163.237	128.057	-0.572746
163.313	128.008	-0.572114
163.389	127.959	-0.570159
163.47	127.903	-0.569537
163.57	127.82	-0.570276
163.647	127.771	-0.569882
163.724	127.722	-0.569697
163.8	127.673	-0.570398
163.877	127.624	-0.570445
163.953	127.567	-0.572073
164.028	127.497	-0.575817
164.104	127.448	-0.574966
164.18	127.398	-0.575667
164.256	127.349	-0.575262
164.332	127.3	-0.574636
164.394	127.24	-0.577726
164.47	127.191	-0.575986
164.545	127.142	-0.574465
164.621	127.093	-0.57406
164.698	127.043	-0.572105
164.777	126.989	-0.571522
164.859	126.93	-0.573032
164.935	126.881	-0.573063
165.011	126.832	-0.572215
165.087	126.782	-0.573141
165.163	126.733	-0.573842
165.239	126.684	-0.573655
165.297	126.621	-0.577899
165.372	126.572	-0.576601
165.448	126.523	-0.575964
165.523	126.474	-0.574441
165.598	126.426	-0.574467
165.673	126.377	-0.572271
165.738	126.321	-0.574682
165.814	126.273	-0.572716
165.888	126.225	-0.572068
165.963	126.177	-0.570979
166.038	126.128	-0.571667
166.113	126.08	-0.572126
166.189	126	-0.579689
166.263	125.951	-0.579923
166.336	125.903	-0.579262
166.41	125.855	-0.577496
166.483	125.808	-0.577055
166.555	125.76	-0.577275
166.611	125.706	-0.580594
166.683	125.659	-0.579476
166.755	125.611	-0.578362
166.828	125.564	-0.576367
166.9	125.517	-0.575256
166.973	125.47	-0.573699
167.032	125.417	-0.578423
167.104	125.37	-0.578636
167.176	125.323	-0.578845
167.248	125.276	-0.578166
167.319	125.23	-0.578151
167.391	125.183	-0.578355
167.452	125.128	-0.582244
167.523	125.081	-0.581785
167.594	125.034	-0.581544
167.665	124.988	-0.580411
167.735	124.942	-0.579718
167.806	124.895	-0.578367
167.871	124.837	-0.578769
167.942	124.79	-0.576315
168.014	124.743	-0.57696
168.084	124.697	-0.577599
168.156	124.651	-0.57802
168.227	124.605	-0.578
168.309	124.541	-0.581494
168.381	124.494	-0.580149
168.452	124.447	-0.580579
168.523	124.4	-0.580777
168.594	124.354	-0.580532
168.673	124.293	-0.582993
168.744	124.246	-0.5823
168.815	124.199	-0.580508
168.886	124.153	-0.58049
168.956	124.106	-0.579577
169.027	124.06	-0.578002
169.085	124.011	-0.579559
169.156	123.964	-0.579096
169.228	123.917	-0.577978
169.3	123.87	-0.577746
169.372	123.823	-0.577965
169.444	123.776	-0.577506
169.516	123.729	-0.575563
169.575	123.671	-0.577249
169.647	123.624	-0.574582
169.72	123.577	-0.571034
169.793	123.53	-0.56948
169.865	123.484	-0.566587
169.935	123.435	-0.563784
170.002	123.385	-0.56167
170.076	123.338	-0.557014
170.149	123.293	-0.55391
170.223	123.247	-0.55059
170.287	123.196	-0.552447
170.356	123.148	-0.55107
170.431	123.102	-0.549311
170.506	123.055	-0.546665
170.582	123.009	-0.544688
170.659	122.963	-0.540947
170.736	122.912	-0.539996
170.814	122.859	-0.539969
170.89	122.813	-0.537771
170.967	122.768	-0.53535
171.043	122.723	-0.532268
171.12	122.677	-0.528084
171.198	122.632	-0.524566
171.251	122.583	-0.527098
171.328	122.538	-0.526456
171.405	122.493	-0.525592
171.482	122.449	-0.524506
171.56	122.403	-0.522987
171.638	122.359	-0.522793
171.717	122.31	-0.523259
171.795	122.266	-0.522843
171.872	122.221	-0.522649
171.95	122.176	-0.522228
172.028	122.131	-0.52137
172.105	122.087	-0.520733
172.142	122.061	-0.520648
172.219	122.017	-0.520227
172.297	121.973	-0.520472
172.375	121.928	-0.521167
172.453	121.883	-0.521198
172.53	121.839	-0.522111
172.584	121.789	-0.526696
172.662	121.744	-0.528056
172.74	121.699	-0.529415
172.817	121.653	-0.530107
172.895	121.608	-0.531245
172.973	121.562	-0.531058
173.029	121.529	-0.533527
173.106	121.484	-0.534212
173.183	121.438	-0.534014
173.259	121.393	-0.53315
173.337	121.347	-0.532293
173.414	121.302	-0.531653
173.475	121.259	-0.535849
173.553	121.213	-0.536985
173.63	121.167	-0.53835
173.708	121.121	-0.539267
173.785	121.074	-0.540407
173.863	121.027	-0.540451
173.915	120.984	-0.545692
173.992	120.936	-0.546173
174.07	120.889	-0.54599
174.147	120.842	-0.546249
174.224	120.795	-0.545398
174.302	120.748	-0.543445
174.348	120.703	-0.546564
174.426	120.656	-0.547493
174.503	120.609	-0.547967
174.58	120.562	-0.548221
174.657	120.515	-0.548252
174.734	120.468	-0.547401
174.785	120.434	-0.548892
174.862	120.387	-0.550478
174.938	120.34	-0.550729
175.015	120.293	-0.551197
175.092	120.245	-0.551896
175.152	120.196	-0.552652
175.228	120.149	-0.552679
175.304	120.102	-0.552487
175.38	120.055	-0.551623
175.457	120.008	-0.54988
175.534	119.961	-0.549915
175.612	119.913	-0.550755
175.688	119.858	-0.551321
175.77	119.808	-0.553403
175.852	119.757	-0.553726
175.937	119.705	-0.554298
176.025	119.65	-0.555124
176.093	119.591	-0.558975
176.185	119.533	-0.557652
176.281	119.474	-0.559242
176.378	119.413	-0.557755
176.479	119.35	-0.5563
176.589	119.273	-0.554901
176.693	119.208	-0.554828
176.802	119.141	-0.553917
176.904	119.07	-0.55561
177.007	118.997	-0.559089
177.118	118.928	-0.558438
177.231	118.857	-0.557793
177.351	118.782	-0.557767
177.465	118.711	-0.557442
177.579	118.64	-0.552606
177.692	118.57	-0.553298
177.804	118.501	-0.554857
177.916	118.432	-0.554865
178.012	118.354	-0.557142
178.124	118.284	-0.555612
178.238	118.214	-0.55498
178.351	118.139	-0.557641
178.464	118.061	-0.558291
178.577	117.991	-0.556765
178.69	117.921	-0.555019
178.802	117.851	-0.554817
178.932	117.757	-0.553548
179.045	117.687	-0.55446
179.158	117.617	-0.555151
179.271	117.547	-0.557391
179.402	117.446	-0.561318
179.515	117.374	-0.561572
179.627	117.304	-0.560267
179.739	117.233	-0.561389
179.87	117.135	-0.562452
179.98	117.065	-0.562454
180.091	116.995	-0.565119
180.204	116.924	-0.565809
180.323	116.819	-0.569417
180.433	116.749	-0.572294
180.542	116.678	-0.57273
180.652	116.607	-0.574509
180.772	116.507	-0.579897
180.88	116.436	-0.580765
180.988	116.365	-0.578765
181.097	116.294	-0.580751
181.204	116.224	-0.582497
181.324	116.139	-0.583035
181.431	116.069	-0.583674
181.536	116	-0.584507
181.64	115.93	-0.584014
181.768	115.833	-0.587303
181.875	115.761	-0.585285
181.981	115.691	-0.584149
182.081	115.617	-0.579602
182.174	115.547	-0.587584
182.274	115.48	-0.584164
182.376	115.413	-0.582531
182.479	115.345	-0.578908
182.581	115.278	-0.572395
182.697	115.18	-0.572585
182.794	115.117	-0.56668
182.893	115.054	-0.559894
182.993	114.991	-0.554232
183.111	114.908	-0.54506
183.21	114.848	-0.538039
183.308	114.79	-0.530116
183.405	114.733	-0.522625
183.522	114.656	-0.512532
183.621	114.6	-0.505273
183.72	114.546	-0.495786
183.818	114.493	-0.486509
183.916	114.441	-0.477667
184.035	114.378	-0.467043
184.134	114.328	-0.455546
184.233	114.28	-0.446026
184.329	114.234	-0.436925
184.427	114.188	-0.427935
184.551	114.124	-0.417446
184.647	114.081	-0.408097
184.743	114.04	-0.397422
184.839	113.999	-0.389401
184.935	113.954	-0.382874
185.03	113.915	-0.374387
185.124	113.879	-0.366333
185.219	113.821	-0.360673
185.312	113.779	-0.350851
185.405	113.746	-0.34277
185.495	113.713	-0.334667
185.585	113.682	-0.32655
185.673	113.652	-0.319738
185.758	113.618	-0.31165
185.844	113.59	-0.302605
185.93	113.563	-0.295766
186.015	113.538	-0.288469
186.098	113.513	-0.281601
186.178	113.473	-0.276306
186.26	113.45	-0.268755
186.341	113.427	-0.260976
186.422	113.406	-0.253626
186.502	113.385	-0.246493
186.58	113.365	-0.239559
186.652	113.343	-0.23275
186.728	113.325	-0.225125
186.803	113.307	-0.217267
186.875	113.291	-0.211377
186.947	113.276	-0.20526
187.018	113.261	-0.198236
187.073	113.245	-0.192187
187.141	113.232	-0.184469
187.208	113.219	-0.176744
187.274	113.207	-0.168124
187.34	113.196	-0.160611
187.405	113.186	-0.151528
187.453	113.161	-0.146632
187.515	113.152	-0.137751
187.578	113.143	-0.128201
187.64	113.135	-0.1182
187.702	113.128	-0.108202
187.771	113.121	-0.0973903
187.834	113.114	-0.0891711
187.901	113.081	-0.0860139
187.966	113.076	-0.0771467
188.032	113.071	-0.0685133
188.099	113.066	-0.0603408
188.169	113.062	-0.0499772
188.241	113.058	-0.0400723
188.314	113.056	-0.0303415
188.388	113.054	-0.0194752
188.463	113.053	-0.00805163
188.539	113.052	0.00358129
188.616	113.053	0.0156529
188.692	113.054	0.0297175
188.768	113.056	0.0415709
188.838	113.047	0.0508612
188.913	113.051	0.0653823
188.988	113.056	0.0785762
189.063	113.062	0.092436
189.138	113.069	0.107394
189.237	113.058	0.116478
189.312	113.067	0.12967
189.387	113.077	0.142861
189.461	113.088	0.156939
189.536	113.1	0.171456
189.611	113.113	0.186632
189.683	113.124	0.200699
189.751	113.133	0.213779
189.826	113.149	0.230502
189.9	113.167	0.24656
189.975	113.186	0.263056
190.05	113.206	0.280207
190.124	113.227	0.298195
190.19	113.25	0.314353
190.263	113.274	0.33174
190.335	113.299	0.348686
190.408	113.325	0.365182
190.466	113.347	0.379951
190.539	113.377	0.398916
190.614	113.408	0.417147
190.688	113.441	0.435812
190.764	113.476	0.455571
190.84	113.514	0.475534
190.92	113.541	0.492977
191	113.573	0.511412
191.078	113.616	0.531335
191.154	113.661	0.55281
191.23	113.708	0.573834
191.306	113.757	0.594405
191.382	113.806	0.614222
191.46	113.853	0.630064
191.536	113.908	0.64972
191.61	113.964	0.669812
191.684	114.023	0.688792
191.758	114.083	0.707541
191.831	114.146	0.725841
191.902	114.209	0.744144
191.971	114.268	0.760385
192.041	114.334	0.778017
192.108	114.4	0.796773
192.174	114.468	0.815755
192.237	114.535	0.833861
192.299	114.603	0.851537
192.378	114.666	0.865032
192.437	114.736	0.882267
192.495	114.806	0.899728
192.552	114.878	0.917186
192.608	114.951	0.935303
192.661	115.027	0.951879
192.714	115.106	0.968227
192.768	115.183	0.983663
192.82	115.262	0.999986
192.87	115.341	1.01476
192.919	115.419	1.02955
192.966	115.498	1.04368
193.034	115.562	1.05092
193.078	115.64	1.06352
193.122	115.718	1.0748
193.163	115.795	1.08765
193.203	115.871	1.09961
193.252	115.943	1.10701
193.289	116.018	1.11878
193.326	116.093	1.131
193.361	116.167	1.14036
193.394	116.239	1.15085
193.427	116.312	1.16111
193.448	116.38	1.16692
193.482	116.459	1.17668
193.515	116.537	1.18512
193.543	116.607	1.19211
193.571	116.677	1.19888
193.603	116.742	1.20523
193.645	116.795	1.20838
193.672	116.865	1.21559
193.698	116.936	1.22279
193.724	117.007	1.23066
193.75	117.08	1.23741
193.776	117.156	1.24546
193.795	117.243	1.25584
193.821	117.323	1.26385
193.847	117.404	1.27428
193.872	117.487	1.28515
193.896	117.57	1.29556
193.92	117.653	1.30554
193.953	117.735	1.31176
193.976	117.819	1.32306
193.997	117.903	1.33215
194.017	117.986	1.34324
194.037	118.07	1.3541
194.055	118.154	1.36541
194.093	118.23	1.36953
194.111	118.315	1.38194
194.127	118.398	1.3926
194.142	118.482	1.4048
194.156	118.566	1.41679
194.169	118.65	1.4301
194.223	118.715	1.43255
194.235	118.799	1.44454
194.245	118.882	1.45698
194.255	118.966	1.46808
194.263	119.048	1.47898
194.271	119.13	1.49011
194.307	119.195	1.4958
194.313	119.276	1.50671
194.318	119.357	1.51829
194.327	119.571	1.54935
194.345	119.646	1.55894
194.346	119.723	1.57144
194.346	119.8	1.5833
194.345	119.875	1.59427
194.343	119.948	1.60594
194.34	120.02	1.61628
194.365	120.08	1.61844
194.361	120.15	1.62836
194.357	120.22	1.63851
194.353	120.289	1.64866
194.347	120.357	1.65727
194.341	120.425	1.66654
194.348	120.488	1.67012
194.341	120.556	1.67918
194.334	120.623	1.68846
194.326	120.691	1.69818
194.317	120.759	1.70922
194.307	120.83	1.72622
194.305	120.902	1.73389
194.294	120.969	1.74427
194.282	121.036	1.75422
194.27	121.101	1.76395
194.257	121.167	1.77391
194.244	121.232	1.78364
194.23	121.297	1.79338
194.216	121.364	1.80122
194.202	121.438	1.8071
194.186	121.502	1.81551
194.17	121.566	1.82415
194.154	121.63	1.83278
194.136	121.694	1.84096
194.119	121.757	1.8485
194.101	121.822	1.85623
194.083	121.885	1.86235
194.065	121.949	1.86796
194.045	122.013	1.87503
194.026	122.076	1.88189
194.005	122.14	1.88874
193.984	122.204	1.89581
193.962	122.268	1.90266
193.941	122.331	1.90951
193.919	122.394	1.91526
193.896	122.462	1.92064
193.873	122.524	1.92639
193.85	122.586	1.93081
193.826	122.648	1.93567
193.803	122.71	1.94031
193.779	122.772	1.9454
193.754	122.834	1.95004
193.687	123	1.96084
193.673	123.075	1.96064
193.647	123.138	1.96504
193.62	123.202	1.96877
193.594	123.265	1.97272
193.567	123.329	1.97667
193.539	123.393	1.9815
193.511	123.466	1.9846
193.482	123.543	1.98693
193.454	123.606	1.99088
193.426	123.671	1.99526
193.397	123.734	1.99854
193.368	123.797	2.0016
193.339	123.86	2.00399
193.31	123.923	2.00683
193.281	123.987	2.0101
193.269	124.071	2.00693
193.239	124.136	2.00886
193.209	124.2	2.0108
193.179	124.264	2.01207
193.148	124.329	2.01245
193.117	124.395	2.01326
193.086	124.46	2.01429
193.07	124.565	2.00864
193.038	124.633	2.01032
193.007	124.699	2.01178
192.975	124.767	2.0128
192.943	124.834	2.01359
192.911	124.901	2.01461
192.88	124.968	2.01563
192.848	125.035	2.01598
192.838	125.143	2.00517
192.806	125.211	2.00618
192.774	125.28	2.00784
192.742	125.349	2.00973
192.709	125.418	2.01116
192.677	125.487	2.01171
192.667	125.588	2.00179
192.641	125.673	1.99934
192.609	125.744	2.00099
192.576	125.815	2.00174
192.543	125.886	2.00338
192.511	125.957	2.00525
192.478	126.027	2.00667
192.445	126.098	2.00764
192.436	126.202	2.00227
192.412	126.287	2.00048
192.38	126.356	2.00059
192.348	126.426	2.0018
192.316	126.495	2.00302
192.284	126.566	2.00466
192.251	126.635	2.0061
192.219	126.705	2.00731
192.209	126.804	1.99862
192.177	126.874	1.99983
192.145	126.944	2.00148
192.113	127.014	2.00225
192.08	127.086	2.00322
192.047	127.156	2.0053
192.015	127.227	2.00673
191.983	127.305	2.00762
191.953	127.394	2.00636
191.92	127.464	2.00691
191.887	127.534	2.00678
191.855	127.604	2.00689
191.823	127.673	2.00788
191.79	127.742	2.00843
191.758	127.811	2.00965
191.733	127.869	2.00618
191.701	127.938	2.00718
191.669	128.008	2.00817
191.636	128.077	2.00917
191.604	128.146	2.00972
191.572	128.215	2.0105
191.538	128.287	2.01272
191.504	128.358	2.01502
191.472	128.426	2.01602
191.439	128.495	2.01635
191.406	128.563	2.01757
191.374	128.631	2.0177
191.342	128.698	2.01716
191.309	128.765	2.01684
191.276	128.835	2.01005
191.245	128.902	2.01087
191.213	128.969	2.01254
191.181	129.037	2.01422
191.149	129.104	2.0139
191.114	129.179	2.01506
191.082	129.246	2.0154
191.049	129.314	2.01641
191.016	129.369	2.01208
190.983	129.438	2.01308
190.951	129.507	2.01429
190.918	129.576	2.01662
190.885	129.644	2.01607
190.853	129.712	2.01707
190.826	129.775	2.01746
190.795	129.841	2.01738
190.763	129.909	2.01706
190.731	129.975	2.01742
190.699	130.042	2.01999
190.667	130.109	2.02034
190.636	130.174	2.02204
190.604	130.24	2.02462
190.572	130.305	2.02588
190.548	130.342	2.02337
190.516	130.407	2.02484
190.484	130.473	2.02698
190.452	130.538	2.02779
190.42	130.603	2.02926
190.388	130.67	2.03073
190.355	130.735	2.03198
190.323	130.8	2.03279
190.29	130.865	2.03449
190.252	130.927	2.03489
190.221	130.99	2.03462
190.189	131.052	2.03502
190.158	131.114	2.03542
190.127	131.176	2.03604
190.097	131.237	2.03778
190.065	131.299	2.03951
190.033	131.363	2.04078
190.009	131.422	2.03576
189.976	131.487	2.03501
189.943	131.555	2.03668
189.908	131.624	2.03788
189.872	131.696	2.03995
189.835	131.769	2.04044
189.797	131.844	2.04048
189.758	131.926	2.03912
189.719	132.007	2.03917
189.68	132.085	2.04028
189.64	132.163	2.0416
189.601	132.24	2.04183
189.563	132.316	2.04185
189.525	132.39	2.0441
189.488	132.462	2.04727
189.458	132.521	2.04658
189.424	132.588	2.0454
189.389	132.657	2.04704
189.354	132.725	2.05003
189.315	132.8	2.05316
189.281	132.865	2.0544
189.245	132.933	2.06492
189.204	133.009	2.06736
189.168	133.077	2.06987
189.135	133.139	2.07225
189.101	133.201	2.07486
189.067	133.262	2.07614
189.033	133.323	2.0761
188.999	133.384	2.07737
188.965	133.446	2.07976
188.931	133.507	2.08237
188.9	133.559	2.08528
188.871	133.602	2.08938
188.837	133.662	2.09156
188.803	133.722	2.09418
188.768	133.781	2.09681
188.734	133.841	2.09899
188.699	133.901	2.10116
188.663	133.961	2.10421
188.626	134.024	2.10679
188.609	134.066	2.10037
188.573	134.128	2.10274
188.537	134.19	2.10488
188.5	134.252	2.10614
188.463	134.315	2.10673
188.417	134.392	2.10604
188.379	134.456	2.10594
188.34	134.521	2.10672
188.317	134.577	2.10161
188.278	134.644	2.10326
188.239	134.71	2.10425
188.199	134.778	2.10522
188.159	134.846	2.10619
188.118	134.915	2.10759
188.077	134.984	2.1092
188.04	135.041	2.10921
188.001	135.106	2.11033
187.958	135.177	2.11126
187.916	135.248	2.11263
187.873	135.318	2.11312
187.831	135.389	2.11384
187.789	135.458	2.11323
187.746	135.528	2.11284
187.711	135.597	2.1103
187.67	135.666	2.11103
187.628	135.735	2.11265
187.587	135.803	2.11294
187.546	135.871	2.11346
187.504	135.941	2.11418
187.463	136.01	2.1158
187.423	136.078	2.11519
187.386	136.146	2.11246
187.344	136.216	2.11428
187.302	136.286	2.11545
187.26	136.356	2.11595
187.217	136.426	2.11622
187.175	136.495	2.1165
187.133	136.564	2.11612
187.11	136.637	2.10777
187.069	136.707	2.10783
187.027	136.776	2.10833
186.986	136.846	2.10972
186.944	136.916	2.11089
186.903	136.985	2.11118
186.861	137.054	2.11191
186.833	137.126	2.10979
186.798	137.198	2.10892
186.756	137.269	2.1103
186.714	137.34	2.11211
186.671	137.411	2.11304
186.628	137.482	2.11375
186.586	137.552	2.11402
186.543	137.623	2.11406
186.51	137.685	2.11024
186.467	137.756	2.11006
186.425	137.827	2.11033
186.383	137.897	2.11127
186.341	137.967	2.11243
186.3	138.035	2.11317
186.258	138.104	2.11368
186.233	138.172	2.11131
186.191	138.241	2.11226
186.15	138.309	2.11344
186.109	138.378	2.11439
186.067	138.447	2.11623
186.025	138.516	2.11696
185.984	138.584	2.11747
185.942	138.653	2.11754
185.908	138.714	2.11526
185.867	138.781	2.11489
185.825	138.849	2.11431
185.784	138.917	2.11372
185.744	138.985	2.1138
185.703	139.052	2.11433
185.679	139.133	2.11065
185.643	139.201	2.1096
185.604	139.265	2.1095
185.566	139.329	2.10963
185.528	139.392	2.10932
185.486	139.462	2.10893
185.449	139.525	2.10997
185.412	139.587	2.11033
185.374	139.649	2.11026
185.347	139.696	2.10822
185.311	139.756	2.10772
185.275	139.817	2.10656
185.239	139.877	2.10496
185.203	139.937	2.10314
185.168	139.997	2.10199
185.132	140.058	2.10105
185.107	140.122	2.09447
185.072	140.182	2.0942
185.037	140.242	2.09394
185.003	140.301	2.09303
184.969	140.36	2.09167
184.935	140.42	2.09097
184.901	140.48	2.09048
184.866	140.54	2.09
184.843	140.602	2.08697
184.809	140.663	2.08738
184.774	140.723	2.08755
184.74	140.784	2.08706
184.705	140.845	2.08679
184.67	140.907	2.08584
184.635	140.968	2.0849
184.601	141.03	2.0833
184.566	141.091	2.08148
184.54	141.162	2.07761
184.506	141.224	2.07689
184.471	141.287	2.07616
184.436	141.35	2.07631
184.399	141.418	2.0753
184.364	141.48	2.07458
184.331	141.541	2.07342
184.296	141.604	2.07314
184.264	141.668	2.0722
184.233	141.734	2.07101
184.198	141.797	2.07139
184.163	141.861	2.07153
184.129	141.924	2.07146
184.094	141.987	2.07096
184.06	142.05	2.07089
184.025	142.113	2.06993
183.991	142.177	2.06853
183.971	142.237	2.06525
183.933	142.306	2.05648
183.899	142.371	2.05462
183.865	142.436	2.05387
183.83	142.502	2.05355
183.794	142.571	2.06162
183.759	142.636	2.06043
183.742	142.698	2.05619
183.708	142.764	2.05565
183.672	142.831	2.05532
183.637	142.897	2.05545
183.602	142.964	2.05579
183.567	143.031	2.0559
183.538	143.1	2.05551
183.503	143.167	2.05495
183.467	143.235	2.05416
183.431	143.303	2.05272
183.396	143.371	2.05039
183.36	143.44	2.04893
183.323	143.51	2.04791
183.287	143.58	2.0471
183.251	143.651	2.04651
183.23	143.699	2.04487
183.194	143.769	2.04318
183.158	143.84	2.04236
183.121	143.912	2.04154
183.085	143.984	2.0405
183.048	144.056	2.03967
183.011	144.13	2.0395
182.983	144.196	2.03838
182.947	144.269	2.03733
182.91	144.342	2.03561
182.873	144.415	2.03367
182.837	144.488	2.03085
182.801	144.561	2.02825
182.764	144.636	2.02629
182.727	144.71	2.02434
182.704	144.775	2.01984
182.668	144.85	2.01943
182.631	144.925	2.01747
182.595	145.001	2.01573
182.558	145.078	2.0142
182.522	145.155	2.01311
182.482	145.214	2.01319
182.445	145.291	2.01322
182.408	145.369	2.01278
182.371	145.448	2.01212
182.334	145.527	2.01079
182.296	145.607	2.00878
182.259	145.685	2.0059
182.223	145.764	2.00413
182.186	145.843	2.00302
182.15	145.924	2.00034
182.114	146.002	1.99968
182.078	146.081	1.99836
182.042	146.159	1.99727
182.007	146.236	1.9964
181.972	146.313	1.99554
181.937	146.39	1.9949
181.901	146.458	1.99568
181.866	146.536	1.99569
181.831	146.613	1.99528
181.797	146.689	1.99421
181.762	146.765	1.99291
181.728	146.841	1.99052
181.695	146.916	1.98813
181.651	146.989	1.98602
181.618	147.065	1.98474
181.584	147.141	1.98367
181.551	147.217	1.9826
181.518	147.292	1.98043
181.485	147.368	1.97958
181.452	147.445	1.97851
181.418	147.523	1.97743
181.391	147.594	1.97748
181.358	147.671	1.9775
181.325	147.749	1.97665
181.292	147.826	1.97557
181.259	147.903	1.97405
181.226	147.98	1.97208
181.193	148.057	1.96969
181.163	148.131	1.96642
181.144	148.199	1.9611
181.113	148.276	1.95871
181.082	148.352	1.95698
181.051	148.428	1.95482
181.02	148.504	1.95199
180.99	148.579	1.95005
180.96	148.655	1.94812
180.959	148.724	1.94229
180.93	148.8	1.94014
180.901	148.876	1.9382
180.871	148.953	1.9358
180.842	149.03	1.9332
180.813	149.106	1.93059
180.786	149.183	1.9269
180.764	149.259	1.92233
180.736	149.336	1.91795
180.708	149.415	1.91445
180.68	149.494	1.9116
180.652	149.571	1.90855
180.625	149.649	1.90594
180.598	149.726	1.90311
180.571	149.803	1.90051
180.569	149.877	1.89325
180.543	149.954	1.89065
180.517	150.032	1.88782
180.492	150.11	1.88633
180.467	150.187	1.88395
180.442	150.263	1.88136
180.417	150.339	1.87833
180.419	150.397	1.87133
180.395	150.474	1.86763
180.371	150.55	1.86328
180.349	150.626	1.86003
180.326	150.702	1.85745
180.304	150.777	1.85488
180.282	150.852	1.85254
180.267	150.924	1.84863
180.291	150.977	1.84063
180.271	151.051	1.83785
180.25	151.125	1.83551
180.23	151.2	1.8334
180.21	151.275	1.83061
180.19	151.352	1.82892
180.17	151.428	1.82656
180.191	151.502	1.81872
180.172	151.579	1.81593
180.153	151.655	1.81246
180.134	151.732	1.80789
180.115	151.809	1.80376
180.097	151.887	1.80117
180.097	151.961	1.7979
180.093	152.036	1.79486
180.075	152.113	1.7925
180.058	152.191	1.78925
180.041	152.268	1.78623
180.024	152.346	1.78342
180.007	152.424	1.78084
179.99	152.502	1.77825
180.01	152.581	1.77132
180.015	152.661	1.76627
179.999	152.74	1.76279
179.984	152.819	1.75932
179.969	152.898	1.75562
179.954	152.977	1.75148
179.94	153.055	1.7469
179.926	153.133	1.74343
179.971	153.192	1.7312
179.958	153.271	1.72773
179.946	153.35	1.72492
179.934	153.429	1.72256
179.922	153.507	1.71954
179.91	153.586	1.71629
179.898	153.665	1.7137
179.944	153.731	1.7037
179.933	153.811	1.70088
179.923	153.891	1.69851
179.913	153.971	1.69614
179.903	154.05	1.69311
179.893	154.13	1.6903
179.886	154.208	1.68649
179.939	154.273	1.67158
179.931	154.353	1.66744
179.924	154.431	1.66397
179.916	154.51	1.66096
179.909	154.588	1.65928
179.902	154.665	1.65826
179.933	154.73	1.65053
179.927	154.807	1.64862
179.921	154.884	1.64695
179.915	154.962	1.64594
179.909	155.038	1.64427
179.904	155.115	1.64304
179.898	155.193	1.64225
179.91	155.258	1.63888
179.905	155.335	1.63743
179.9	155.412	1.63598
179.895	155.488	1.63387
179.89	155.565	1.63109
179.885	155.642	1.62787
179.882	155.719	1.62543
179.909	155.788	1.62057
179.905	155.865	1.6189
179.902	155.941	1.61768
179.898	156.018	1.61667
179.895	156.095	1.61434
179.891	156.172	1.61266
179.907	156.246	1.60831
179.904	156.324	1.60641
179.901	156.402	1.60473
179.898	156.48	1.60349
179.896	156.558	1.60181
179.893	156.636	1.59924
179.909	156.706	1.59387
179.908	156.784	1.59152
179.906	156.861	1.58807
179.905	156.939	1.58441
179.904	157.016	1.58118
179.903	157.094	1.5784
179.925	157.184	1.57143
179.925	157.263	1.56886
179.925	157.342	1.56628
179.926	157.42	1.56349
179.926	157.499	1.56047
179.927	157.579	1.55766
179.948	157.666	1.55137
179.949	157.747	1.54833
179.951	157.828	1.54573
179.953	157.909	1.54291
179.955	157.991	1.53964
179.958	158.073	1.53593
179.985	158.154	1.52974
179.988	158.235	1.52536
179.992	158.318	1.52053
179.996	158.401	1.51681
180.001	158.484	1.51286
180.006	158.568	1.50979
180.054	158.646	1.50047
180.06	158.73	1.49651
180.066	158.817	1.49252
180.073	158.903	1.48898
180.08	158.991	1.48498
180.105	159.083	1.47876
180.133	159.176	1.47335
180.141	159.265	1.46979
180.15	159.356	1.46598
180.16	159.445	1.46174
180.17	159.535	1.45772
180.246	159.642	1.44348
180.257	159.732	1.43922
180.269	159.823	1.43563
180.282	159.916	1.43268
180.317	160.166	1.42501
180.378	160.283	1.41714
180.396	160.381	1.4134
180.411	160.479	1.4104
180.428	160.578	1.4076
180.444	160.678	1.40436
180.493	160.788	1.39767
180.511	160.889	1.39375
180.529	160.991	1.38915
180.548	161.095	1.38585
180.604	161.223	1.38277
180.624	161.331	1.38166
180.646	161.442	1.38051
180.667	161.555	1.37867
180.69	161.671	1.37725
180.731	161.799	1.37563
180.756	161.924	1.37411
180.782	162.055	1.37231
180.81	162.194	1.36954
180.861	162.344	1.36389
180.893	162.496	1.36031
180.927	162.657	1.35642
180.987	162.827	1.35203
181.027	163.006	1.34618
181.074	163.192	1.34101
181.121	163.384	1.33479
181.169	163.582	1.32719
181.23	163.782	1.32004
181.281	163.98	1.31307
181.333	164.178	1.30435
181.407	164.389	1.29538
181.487	164.576	1.28646
181.542	164.761	1.27958
181.602	164.94	1.27123
181.683	165.117	1.26153
181.737	165.288	1.25594
181.791	165.454	1.24995
181.85	165.621	1.24424
181.903	165.779	1.2401
181.963	165.933	1.23363
182.041	166.084	1.22415
182.127	166.232	1.2115
182.184	166.385	1.20823
182.243	166.54	1.20321
182.324	166.694	1.19286
182.39	166.854	1.18602
182.456	167.017	1.18201
182.532	167.173	1.17419
182.608	167.334	1.1665
182.681	167.504	1.16107
182.762	167.672	1.15348
182.847	167.842	1.1438
182.927	168.016	1.13587
183.016	168.186	1.1292
183.12	168.351	1.11994
183.219	168.518	1.11233
183.326	168.678	1.10411
183.434	168.829	1.0934
183.525	168.992	1.0858
183.613	169.158	1.0788
183.731	169.288	1.07336
183.819	169.452	1.06858
183.907	169.611	1.06319
184.016	169.729	1.05045
184.119	169.873	1.04286
184.211	170.026	1.03721
184.3	170.177	1.03122
184.396	170.317	1.02372
184.49	170.462	1.0191
184.579	170.606	1.01473
184.676	170.733	1.00486
184.778	170.858	0.996163
184.868	170.997	0.991373
184.959	171.135	0.986365
185.065	171.259	0.975808
185.157	171.396	0.972137
185.249	171.53	0.968483
185.347	171.657	0.962801
185.454	171.779	0.95492
185.547	171.91	0.951511
185.653	172.039	0.943425
185.76	172.168	0.93531
185.856	172.298	0.929233
185.961	172.418	0.921967
186.076	172.529	0.912998
186.174	172.656	0.90671
186.275	172.784	0.89956
186.386	172.903	0.890679
186.488	173.029	0.88437
186.592	173.156	0.876055
186.715	173.27	0.862
186.821	173.394	0.853685
186.931	173.52	0.846889
187.052	173.642	0.836277
187.161	173.763	0.829078
187.271	173.884	0.821434
187.391	173.999	0.811963
187.504	174.118	0.802971
187.62	174.238	0.793073
187.745	174.355	0.781798
187.862	174.471	0.775017
187.979	174.586	0.767366
188.09	174.7	0.760344
188.209	174.812	0.750261
188.336	174.925	0.740654
188.457	175.036	0.72966
188.58	175.146	0.718677
188.712	175.239	0.703903
188.839	175.341	0.694449
188.963	175.444	0.686381
189.105	175.531	0.674173
189.228	175.628	0.663716
189.351	175.724	0.655699
189.476	175.814	0.645283
189.601	175.897	0.63465
189.719	175.984	0.625404
189.834	176.067	0.617089
189.952	176.129	0.608167
190.061	176.205	0.601493
190.167	176.278	0.595309
190.27	176.348	0.588284
190.37	176.415	0.581014
190.467	176.479	0.573735
190.562	176.541	0.566816
190.653	176.599	0.561507
190.741	176.654	0.555355
190.832	176.684	0.547666
190.913	176.734	0.542489
190.992	176.781	0.538897
191.069	176.827	0.535989
191.148	176.864	0.531508
191.226	176.903	0.527656
191.304	176.948	0.525852
191.383	176.994	0.522919
191.467	177.043	0.519276
191.557	177.094	0.517114
191.652	177.143	0.513838
191.755	177.188	0.508371
191.857	177.245	0.504296
191.962	177.303	0.499528
192.07	177.362	0.494736
192.178	177.42	0.491262
192.293	177.458	0.485611
192.401	177.515	0.482371
192.509	177.571	0.478917
192.615	177.626	0.473486
192.728	177.646	0.463878
192.834	177.699	0.45891
192.939	177.751	0.454167
193.042	177.802	0.449457
193.151	177.825	0.443234
193.251	177.873	0.439231
193.349	177.919	0.436579
193.445	177.964	0.435276
193.54	178.008	0.433103
193.628	178.033	0.427391
193.717	178.074	0.425503
193.804	178.114	0.422312
193.89	178.152	0.420466
193.974	178.19	0.417761
194.056	178.226	0.414405
194.116	178.221	0.407297
194.193	178.254	0.404665
194.268	178.286	0.401837
194.342	178.317	0.399698
194.413	178.347	0.3978
194.483	178.377	0.395701
194.547	178.377	0.390712
194.615	178.405	0.390184
194.684	178.433	0.389427
194.753	178.461	0.388661
194.824	178.491	0.387877
194.898	178.521	0.387067
194.968	178.542	0.384339
195.039	178.563	0.381491
195.119	178.595	0.380832
195.201	178.628	0.379931
195.286	178.662	0.379
195.374	178.697	0.377817
195.462	178.728	0.375733
195.551	178.738	0.367913
195.644	178.773	0.366455
195.739	178.81	0.366087
195.835	178.847	0.366586
195.932	178.884	0.366633
196.029	178.921	0.366462
196.118	178.94	0.362997
196.214	178.976	0.361062
196.312	179.013	0.360441
196.409	179.05	0.358936
196.505	179.078	0.358093
196.6	179.11	0.356817
196.697	179.146	0.355319
196.794	179.182	0.35427
196.89	179.218	0.352119
196.987	179.253	0.352175
197.08	179.275	0.350208
197.17	179.288	0.345066
197.267	179.323	0.344467
197.363	179.357	0.343206
197.458	179.391	0.341064
197.555	179.426	0.340241
197.651	179.46	0.338537
197.741	179.446	0.327203
197.839	179.479	0.325043
197.936	179.511	0.323342
198.032	179.544	0.321859
198.128	179.576	0.320164
198.225	179.608	0.320236
198.332	179.606	0.316464
198.429	179.637	0.315649
198.525	179.669	0.315068
198.62	179.7	0.314044
198.715	179.731	0.313247
198.811	179.762	0.313331
198.911	179.769	0.311693
199.007	179.8	0.310885
199.102	179.83	0.309874
199.196	179.861	0.308645
199.29	179.891	0.307861
199.383	179.92	0.307086
199.5	179.894	0.296669
199.593	179.923	0.297664
199.685	179.951	0.298018
199.776	179.979	0.29882
199.867	180.007	0.298963
199.956	180.034	0.297344
200.06	180.017	0.291157
200.149	180.044	0.291326
200.237	180.07	0.291271
200.323	180.096	0.290576
200.409	180.122	0.290336
200.492	180.147	0.289888
200.599	180.119	0.281104
200.677	180.141	0.280944
200.752	180.163	0.282144
200.824	180.184	0.283155
200.893	180.204	0.284195
200.957	180.222	0.284621
201.024	180.216	0.283116
201.085	180.223	0.282511
201.143	180.24	0.28256
201.199	180.256	0.28174
201.254	180.272	0.28138
201.315	180.29	0.282059
201.37	180.305	0.281705
201.431	180.323	0.2815
201.487	180.339	0.281351
201.54	180.332	0.274707
201.599	180.348	0.274088
201.659	180.365	0.273892
201.723	180.383	0.273215
201.79	180.402	0.272732
201.859	180.421	0.272881
201.932	180.441	0.27167
202.017	180.454	0.271157
202.104	180.47	0.271324
202.189	180.494	0.271309
202.277	180.518	0.271264
202.368	180.543	0.271189
202.46	180.569	0.27044
202.558	180.586	0.268341
202.66	180.597	0.266191
202.751	180.621	0.263677
202.838	180.645	0.261644
202.924	180.668	0.260304
203.005	180.69	0.258338
203.084	180.711	0.256398
203.17	180.696	0.245723
203.242	180.714	0.243635
203.313	180.732	0.242232
203.379	180.748	0.241092
203.443	180.764	0.239981
203.504	180.779	0.238673
203.563	180.793	0.237393
203.619	180.807	0.236137
203.688	180.794	0.227108
203.747	180.808	0.224937
203.807	180.821	0.222319
203.864	180.834	0.214407
203.925	180.847	0.212227
203.98	180.859	0.210544
204.039	180.872	0.214799
204.095	180.884	0.213104
204.174	180.88	0.208253
204.233	180.891	0.206334
204.29	180.903	0.204183
204.348	180.915	0.202473
204.406	180.927	0.200988
204.465	180.939	0.193279
204.527	180.952	0.197291
204.576	180.962	0.196334
204.629	180.972	0.196009
204.682	180.964	0.186808
204.727	180.972	0.187229
204.776	180.981	0.188055
204.819	180.99	0.187164
204.854	180.996	0.186579
204.885	181.002	0.186476
204.909	181.007	0.188442
204.934	181.011	0.187746

