x
-1 1
1 -4.39196 1.30773
2 -12.7009 4.3956
3 -0.575091 1.45
4 -4.25326 1.22815
5 -12.7334 4.38689
6 -0.554173 1.39937
7 -4.11362 0.828982
8 -12.5702 4.36077
9 -0.334195 1.3484
10 -3.97456 0.778311
11 -12.1932 5.94832
12 -0.314528 1.34753
13 -3.83432 0.721309
14 -12.1789 5.76215
15 -0.293364 1.31342
16 -3.69277 0.680161
17 -11.1715 4.51712
18 -0.280283 1.19478
19 -3.5534 0.404043
20 -11.1179 5.54385
21 -0.23214 1.22719
22 -2.61395 0.5231980000000001
23 -10.6954 5.56598
24 -0.239475 1.19354
25 -2.26155 0.457772
26 -9.903230000000001 2.60203
27 -0.24527 0.91312
28 -1.81398 1.28277
29 -9.46021 1.72618
30 -0.427886 0.584104
31 -1.90736 1.20811
32 -4.71493 1.81003
33 -0.400631 0.848046
34 -1.88154 1.15535
35 -3.57275 1.9094
36 -0.381373 0.627869
37 -1.97546 4.3808
38 -2.55091 7.74322
39 -1.63875 0.621356
40 -1.88529 4.5657
41 -1.66752 7.95373
42 -1.69194 0.607631
43 -2.00982 4.53848
44 -0.779325 8.138769999999999
45 -1.68547 0.700909
46 -2.06754 4.38206
47 -0.496141 8.26031
48 -1.64486 0.667452
