411
1413 1181
1412 1182
1411 1182
1410 1182
1409 1183
1408 1183
1407 1183
1406 1184
1405 1184
1404 1184
1403 1185
1402 1185
1401 1185
1400 1185
1399 1185
1398 1186
1397 1186
1396 1186
1395 1186
1394 1187
1393 1186
1392 1187
1391 1187
1389 1187
1389 1187
1387 1187
1386 1188
1385 1188
1384 1188
1383 1188
1382 1188
1381 1188
1380 1189
1379 1188
1377 1189
1376 1189
1375 1189
1374 1189
1373 1190
1372 1190
1370 1190
1369 1190
1368 1190
1367 1191
1366 1191
1365 1191
1364 1191
1362 1192
1361 1192
1360 1192
1359 1192
1358 1193
1357 1193
1356 1194
1355 1194
1354 1194
1353 1194
1352 1195
1351 1195
1349 1195
1348 1196
1347 1196
1346 1196
1345 1196
1344 1197
1342 1197
1341 1197
1340 1198
1339 1198
1338 1198
1337 1199
1336 1199
1335 1199
1333 1200
1332 1200
1331 1200
1330 1201
1329 1201
1328 1201
1327 1202
1326 1203
1325 1203
1324 1203
1323 1204
1321 1204
1320 1204
1319 1205
1318 1205
1317 1205
1316 1206
1315 1206
1314 1206
1313 1207
1312 1207
1311 1207
1310 1207
1309 1208
1308 1208
1307 1209
1306 1209
1305 1209
1304 1210
1302 1210
1301 1210
1300 1211
1299 1211
1298 1211
1297 1212
1296 1212
1295 1212
1294 1213
1293 1213
1292 1214
1290 1214
1289 1214
1288 1214
1287 1215
1286 1215
1285 1215
1284 1216
1283 1216
1282 1216
1281 1217
1280 1217
1279 1217
1278 1218
1277 1218
1276 1218
1275 1219
1274 1219
1273 1219
1272 1219
1271 1220
1270 1220
1269 1220
1268 1221
1266 1221
1265 1222
1264 1222
1263 1223
1262 1223
1260 1223
1260 1224
1259 1224
1257 1224
1256 1225
1255 1225
1254 1225
1253 1226
1251 1226
1250 1226
1249 1227
1248 1227
1247 1227
1246 1228
1245 1228
1244 1228
1243 1229
1242 1229
1241 1229
1240 1230
1239 1230
1238 1231
1237 1231
1235 1231
1234 1232
1233 1232
1232 1233
1231 1233
1230 1234
1229 1234
1228 1235
1227 1235
1226 1236
1225 1236
1224 1237
1223 1237
1222 1238
1221 1238
1220 1239
1219 1239
1218 1240
1217 1240
1216 1241
1214 1241
1214 1242
1212 1242
1211 1243
1210 1243
1209 1244
1208 1244
1207 1245
1206 1246
1205 1246
1204 1247
1203 1247
1202 1248
1201 1249
1200 1249
1199 1250
1198 1250
1197 1251
1196 1251
1195 1252
1194 1252
1193 1253
1192 1254
1191 1254
1190 1255
1189 1255
1188 1256
1187 1256
1187 1257
1186 1258
1185 1258
1184 1259
1183 1259
1182 1260
1181 1260
1180 1261
1179 1261
1178 1262
1178 1263
1177 1263
1176 1264
1175 1264
1174 1265
1173 1266
1172 1266
1171 1267
1170 1267
1169 1268
1168 1269
1167 1269
1166 1270
1165 1270
1164 1271
1163 1272
1162 1272
1161 1273
1160 1274
1159 1275
1158 1275
1157 1276
1156 1277
1155 1277
1154 1278
1153 1279
1152 1280
1151 1281
1151 1281
1150 1282
1149 1283
1148 1284
1147 1284
1146 1285
1145 1286
1144 1287
1144 1288
1143 1288
1142 1289
1141 1290
1140 1291
1140 1292
1139 1293
1138 1294
1137 1294
1137 1295
1136 1296
1135 1297
1135 1298
1134 1299
1133 1299
1133 1300
1132 1301
1131 1302
1131 1303
1130 1304
1129 1304
1129 1305
1128 1306
1128 1307
1127 1308
1126 1309
1126 1310
1125 1311
1125 1312
1124 1313
1123 1314
1123 1315
1122 1316
1122 1317
1121 1318
1121 1319
1120 1320
1120 1321
1119 1322
1119 1323
1118 1324
1118 1325
1117 1326
1117 1327
1116 1328
1116 1329
1115 1330
1115 1331
1115 1332
1114 1333
1114 1334
1113 1335
1113 1336
1113 1338
1112 1339
1112 1340
1111 1341
1111 1342
1111 1343
1110 1345
1110 1346
1110 1347
1110 1348
1109 1349
1109 1350
1109 1351
1109 1352
1108 1354
1108 1355
1108 1356
1108 1357
1107 1358
1107 1360
1107 1361
1107 1362
1106 1363
1106 1364
1106 1365
1106 1366
1106 1368
1105 1369
1105 1370
1105 1371
1105 1372
1105 1373
1105 1375
1105 1376
1104 1377
1104 1378
1104 1379
1104 1381
1104 1382
1104 1383
1104 1384
1103 1385
1103 1387
1103 1388
1103 1389
1103 1390
1103 1391
1102 1393
1102 1394
1102 1395
1102 1396
1102 1397
1102 1398
1102 1399
1102 1400
1102 1401
1102 1403
1102 1404
1102 1405
1102 1406
1102 1408
1102 1409
1102 1410
1102 1411
1102 1412
1102 1413
1102 1414
1102 1416
1102 1417
1102 1418
1102 1419
1102 1420
1102 1422
1102 1423
1102 1424
1102 1425
1102 1427
1102 1428
1102 1429
1102 1430
1102 1431
1102 1432
1103 1434
1103 1435
1103 1436
1103 1437
1103 1438
1103 1439
1103 1440
1103 1441
1103 1443
1103 1444
1103 1445
1103 1446
1104 1447
1104 1448
1104 1449
1104 1450
1104 1451
1104 1452
