1590
741	389	1	1.167330	2.383597	
739	391	1	1.203458	2.368891	
737	393	1	1.126390	2.279570	
700	395	1	0.918052	-1.766220	
735	395	1	1.274458	2.460736	
700	396	1	1.636168	3.064827	
701	396	1	1.601989	2.944214	
702	396	1	1.450592	2.976456	
703	396	1	1.653057	3.141593	
704	396	1	1.977617	3.141593	
705	396	1	1.599272	3.141593	
706	396	1	1.363808	3.141593	
707	396	1	1.400101	3.141593	
708	396	1	1.753708	3.141593	
709	396	1	1.597511	3.141593	
710	396	1	1.571526	3.141604	
711	396	1	1.698339	3.141605	
712	396	1	1.582249	3.141593	
713	396	1	1.457809	3.141593	
714	396	1	1.531728	3.141593	
715	396	1	1.625043	3.141593	
716	396	1	1.432784	3.141593	
693	397	1	1.614962	2.863296	
694	397	1	1.806801	2.761092	
695	397	1	1.668988	2.914801	
696	397	1	1.768429	3.064817	
697	397	1	1.568586	3.058458	
698	397	1	1.656767	2.944200	
699	397	1	1.678835	3.141593	
713	397	1	1.545764	2.988955	
715	397	1	1.257436	3.041918	
733	397	1	1.340258	2.631880	
512	398	1	1.328073	3.115794	
519	398	1	1.253645	3.032653	
521	398	1	1.391099	3.039025	
524	398	1	1.321460	-3.087558	
529	398	1	1.209860	-3.076729	
533	398	1	1.289125	-3.002230	
602	398	1	1.482822	3.132390	
607	398	1	1.416615	-3.076858	
611	398	1	0.732229	-2.800634	
613	398	1	1.325410	-2.915250	
631	398	1	0.931698	3.102041	
635	398	1	1.062668	-3.011732	
664	398	1	1.314006	2.690954	
690	398	1	1.460216	2.944200	
691	398	2	1.480079	2.850148	1.044910	3.776994	
692	398	1	1.504555	2.875339	
702	398	1	1.572338	-3.141579	
703	398	1	1.374966	3.141593	
704	398	1	1.242781	3.041918	
706	398	1	1.329386	3.041933	
707	398	1	1.501905	3.141593	
708	398	1	1.514419	-2.961743	
709	398	1	1.647379	2.988948	
711	398	2	1.100121	2.677945	1.403458	2.961743	
712	398	1	1.351505	-2.761091	
715	398	1	1.304085	2.936096	
721	398	1	1.142912	3.012385	
722	398	1	0.781674	2.076504	
728	398	1	0.903055	2.588327	
729	398	1	1.424726	2.841458	
731	398	1	1.098137	2.948884	
509	399	1	0.532871	3.115802	
536	399	1	1.249195	3.115790	
538	399	1	1.233742	-2.969984	
540	399	1	1.271615	3.115789	
543	399	1	1.369003	-3.014745	
545	399	1	1.320991	-2.912203	
609	399	1	0.606744	2.980936	
618	399	1	1.382015	-2.998148	
622	399	1	1.252105	3.092720	
685	399	1	1.619081	2.761091	
686	399	1	1.586930	3.050928	
687	399	1	1.465938	2.944200	
688	399	1	1.748836	2.976448	
689	399	1	1.587355	2.961743	
690	399	1	1.298452	2.991587	
692	399	1	1.245357	3.372098	
693	399	1	1.353182	3.188981	
694	399	1	1.290144	3.283044	
700	399	1	1.468874	2.792828	
701	399	1	0.870095	-2.993099	
706	399	1	1.412730	2.938548	
707	399	1	1.337276	2.949962	
710	399	4	1.510417	2.930501	1.191980	3.078957	1.230461	2.874481	1.286817	3.047087	
712	399	2	1.228112	3.012392	1.216676	2.874477	
713	399	2	1.388885	2.914801	1.336343	3.060665	
714	399	1	1.618159	2.991606	
715	399	2	1.388125	3.212905	1.196017	3.154281	
717	399	1	1.310762	3.201776	
719	399	1	1.333980	3.197741	
721	399	1	1.310762	3.201776	
724	399	1	1.325007	3.272992	
725	399	1	1.358112	3.060665	
727	399	1	1.114088	3.239189	
730	399	1	1.269603	3.074811	
550	400	1	1.383457	-3.014743	
563	400	1	1.326750	-2.915253	
616	400	1	1.003075	2.986122	
623	400	1	1.504583	-2.946777	
645	400	1	0.863990	3.127475	
651	400	1	0.863990	3.127475	
655	400	1	1.012063	-3.122393	
682	400	1	1.492088	2.677945	
683	400	1	1.437326	2.677957	
684	400	1	1.435953	2.677957	
692	400	2	1.060311	3.082252	1.345702	3.350379	
693	400	1	0.746507	-2.988703	
694	400	1	0.889219	3.455208	
695	400	2	1.412018	3.046643	1.153030	3.423997	
696	400	3	1.009285	3.091255	1.069768	3.455243	1.278643	3.102254	
697	400	3	1.368551	3.050940	1.223818	3.498698	1.265098	3.047087	
698	400	1	1.370931	2.699226	
699	400	2	1.355548	2.704975	2.376757	2.305864	
700	400	5	1.631444	3.058460	0.889260	2.964808	1.226682	3.082252	1.761647	3.171445	2.161399	-1.918188	
702	400	1	1.463827	2.794208	
703	400	2	1.313421	2.991606	0.817158	-2.616863	
704	400	3	1.535756	3.067888	1.181004	3.124148	1.072479	-2.591702	
705	400	3	1.334820	2.976448	1.311586	3.082252	1.194182	3.294476	
706	400	2	1.081880	2.900936	1.503519	2.908452	
707	400	4	1.208175	3.058458	1.044151	2.900929	1.140483	3.058165	1.232096	3.188988	
708	400	3	0.959616	3.091270	1.100640	2.991586	1.325960	3.047095	
709	400	2	0.747992	2.961738	0.982886	3.188982	
710	400	2	0.758007	2.961743	0.986215	3.124137	
711	400	1	0.692217	2.988948	
712	400	2	0.805589	3.058458	1.129446	3.313346	
713	400	1	0.877465	3.141608	
714	400	1	0.959655	3.141593	
715	400	1	0.995213	3.141593	
716	400	1	0.941477	3.232257	
717	400	1	0.821976	2.908440	
719	400	1	1.021691	2.586693	
724	400	1	1.076671	2.764800	
726	400	3	0.853834	2.562003	0.689637	2.900929	1.215996	2.700143	
727	400	1	1.253409	3.082252	
728	400	1	0.810945	-1.343475	
553	401	1	1.266168	-3.002234	
555	401	1	1.343245	-2.871948	
564	401	1	1.351388	2.721001	
568	401	1	1.521431	-3.081937	
571	401	1	1.409023	2.794043	
629	401	1	1.504583	-2.946777	
671	401	1	0.944215	1.329398	
680	401	1	1.563674	2.613514	
681	401	1	1.797922	2.761079	
682	401	1	1.866298	2.677945	
686	401	1	1.091255	2.785592	
688	401	1	2.351367	-1.825676	
689	401	1	1.608946	2.988948	
691	401	2	1.473780	2.961743	1.082720	3.092219	
692	401	1	1.474353	-1.811446	
693	401	1	1.536801	3.091256	
694	401	1	1.255571	2.991579	
695	401	3	1.193762	2.961743	1.234292	2.826442	1.572366	3.550194	
696	401	4	0.876740	2.850147	1.462449	2.601169	0.948526	3.057810	2.279497	-3.126449	
697	401	4	0.841094	2.850133	1.439518	2.634491	1.155636	3.050925	1.030884	3.188998	
698	401	2	0.819286	2.944200	1.148518	3.424007	
699	401	3	0.813831	2.944200	1.168430	3.340360	1.194442	3.334614	
700	401	4	0.695538	2.961743	1.593274	3.009053	1.051584	3.176937	0.888308	-2.115580	
701	401	2	0.761798	3.141593	1.168708	3.091253	
702	401	4	0.839781	3.141593	1.173635	3.141593	1.062474	3.082250	1.209647	3.188992	
703	401	2	0.783109	3.141593	1.118265	3.171445	
704	401	2	0.730888	3.141608	1.100807	2.991592	
705	401	3	0.738737	3.141604	1.000028	2.991606	1.111004	-2.671345	
706	401	1	0.717901	3.141593	
707	401	1	0.687792	3.141593	
708	401	1	0.681064	3.141593	
711	401	2	1.201432	3.313346	0.829928	2.991596	
712	401	1	0.762395	-3.013290	
713	401	2	1.009813	3.171445	0.730386	-2.969838	
714	401	1	1.038468	3.372104	
716	401	1	1.061145	3.340361	
717	401	1	1.129601	3.236562	
718	401	3	0.968145	3.188995	0.858477	-3.046610	1.208221	2.991592	
719	401	1	1.024993	3.257844	
720	401	2	1.046901	3.257844	1.347043	2.991596	
721	401	1	1.123093	-2.415521	
722	401	2	1.386704	2.808481	1.302229	3.082252	
723	401	1	1.195405	2.991591	
724	401	3	0.904585	2.588330	0.676460	3.082265	1.209356	2.991591	
725	401	2	1.073169	3.074738	1.195405	2.991591	
726	401	1	1.089956	2.826439	
727	401	1	1.030914	2.811741	
515	402	1	1.123207	2.918411	
523	402	1	1.644493	2.591004	
524	402	1	1.085006	2.918403	
525	402	1	1.132409	3.115802	
526	402	1	1.195990	3.115789	
527	402	1	1.137067	3.115788	
553	402	1	1.336075	2.908306	
554	402	1	1.304414	2.870821	
560	402	1	1.342449	-2.852175	
561	402	1	1.322548	3.032654	
564	402	1	1.048130	3.178217	
568	402	1	1.195412	3.115794	
574	402	1	1.409431	-3.044062	
580	402	1	1.450544	2.934993	
631	402	1	1.329310	2.885821	
634	402	1	1.285136	2.899708	
637	402	1	1.154627	3.130789	
668	402	1	1.304926	3.059486	
670	402	1	1.146272	-3.081079	
673	402	1	1.357103	2.870198	
676	402	1	1.174181	-2.925588	
679	402	2	1.414382	2.498110	1.235747	-2.941294	
680	402	2	1.397212	2.634491	1.380180	2.642243	
681	402	1	1.514634	2.677957	
682	402	1	1.338258	3.224738	
683	402	1	1.323453	2.835717	
684	402	2	1.270468	2.303625	1.126790	2.822399	
685	402	2	1.653155	3.058458	1.368232	2.988944	
686	402	1	1.303960	2.984996	
688	402	2	1.398480	3.141593	1.083877	2.816921	
689	402	1	1.762182	2.559192	
690	402	2	1.450946	2.988944	1.147267	-3.098890	
692	402	2	1.079549	2.991596	1.156369	-3.032822	
693	402	3	0.873368	2.850132	1.351385	3.141605	0.807596	3.455261	
694	402	2	0.890815	2.914794	1.224822	3.269905	
695	402	2	0.897004	2.761091	1.196254	3.144238	
696	402	4	0.898553	2.761092	1.347876	2.677945	1.023108	3.156745	1.745049	3.283057	
697	402	1	1.152971	3.068362	
698	402	1	1.139944	2.891930	
699	402	2	0.363427	-1.837897	1.745049	3.283057	
701	402	1	1.479540	4.034320	
702	402	1	1.337847	2.991596	
703	402	1	0.906645	2.991593	
705	402	1	0.997165	3.062901	
707	402	1	0.919919	3.068372	
708	402	3	0.800177	3.074725	1.241567	-2.827941	1.347580	2.991596	
709	402	1	0.812259	2.908441	
710	402	1	1.309008	2.991591	
713	402	1	1.427492	2.991588	
714	402	1	1.310723	2.991592	
715	402	1	1.369602	3.156744	
716	402	1	0.816365	2.725340	
717	402	1	1.242005	3.039171	
718	402	1	1.234488	2.642817	
719	402	2	1.009553	-2.827924	1.312103	3.082250	
720	402	1	0.966981	2.794205	
721	402	2	1.045185	3.257857	1.111873	2.991593	
722	402	2	0.904585	2.588330	1.016478	3.171445	
723	402	1	1.016363	3.082252	
727	402	1	0.975104	-1.418512	
495	403	1	1.501660	2.817299	
499	403	1	1.036126	3.016127	
500	403	1	1.657790	2.621858	
502	403	1	1.130429	3.215465	
504	403	1	1.366995	3.032654	
508	403	1	2.909135	2.721002	
511	403	1	2.748851	2.575376	
513	403	1	1.873684	2.757025	
514	403	1	1.145299	3.115802	
517	403	1	2.355990	2.608707	
519	403	1	2.553910	2.454743	
522	403	1	1.891257	2.544459	
528	403	1	0.988762	3.510592	
531	403	1	1.087215	3.115789	
532	403	1	1.289021	3.005136	
537	403	1	1.075031	-2.999733	
543	403	1	1.244085	-3.089963	
549	403	2	2.846627	1.628129	1.336468	3.072041	
553	403	1	1.286390	-3.028037	
554	403	1	0.601458	1.888019	
555	403	1	0.572177	2.116337	
556	403	1	1.132691	3.130803	
559	403	2	2.111235	2.608707	1.232699	3.130797	
560	403	1	1.572272	2.794042	
562	403	1	1.262870	3.130797	
565	403	1	1.238493	-3.019839	
577	403	1	1.452722	-2.969999	
579	403	1	1.544085	-3.089973	
580	403	1	1.169482	3.044488	
581	403	1	1.313406	-3.081079	
582	403	1	1.372825	-3.019837	
584	403	1	1.416613	-3.069250	
590	403	1	1.272855	-2.809358	
598	403	1	1.388284	3.130791	
600	403	1	1.300975	-3.075621	
601	403	1	1.307757	3.130805	
604	403	1	1.560655	3.130792	
606	403	1	1.135012	-3.052714	
612	403	2	1.199196	-3.052733	1.186729	3.006446	
617	403	1	1.257663	-3.061728	
618	403	1	1.011562	2.978138	
620	403	1	1.313209	3.066369	
621	403	1	1.284830	2.956131	
623	403	1	1.459915	-3.061728	
625	403	2	1.503913	-3.061728	1.311069	3.130795	
626	403	2	1.383170	3.130800	1.248550	3.130799	
627	403	1	1.014301	3.429297	
628	403	1	1.253047	-3.069251	
629	403	2	1.290418	-2.972535	1.244837	-3.085820	
630	403	1	1.336221	-2.771880	
632	403	1	1.165731	3.130803	
634	403	1	1.331312	-2.829045	
635	403	1	1.300580	3.130789	
638	403	1	1.171429	-3.081078	
641	403	1	1.389500	3.072041	
643	403	1	1.232483	3.316144	
644	403	1	1.228336	-3.081078	
647	403	1	1.211448	-3.081089	
650	403	2	1.167775	3.059486	1.304382	3.247908	
653	403	1	1.293170	3.130797	
656	403	1	1.209572	3.059499	
659	403	1	1.247932	3.130789	
662	403	1	1.323162	3.064232	
665	403	1	1.143400	3.130792	
677	403	1	1.376971	2.498098	
678	403	2	1.655083	2.498110	1.374080	2.574868	
679	403	1	1.459989	2.761079	
680	403	1	1.277623	2.976444	
682	403	2	1.277623	2.976444	1.154093	-2.999737	
684	403	1	1.154093	-2.999737	
685	403	1	1.297432	2.976448	
690	403	1	0.888578	3.041933	
691	403	2	0.886252	2.944200	1.319922	2.746613	
692	403	4	0.867273	2.850133	1.277061	2.850133	1.722775	3.041925	1.335970	2.991591	
693	403	1	0.867211	2.850148	
694	403	1	1.579927	2.601181	
698	403	1	1.335970	2.991591	
700	403	1	0.661553	-2.784487	
701	403	2	0.977723	2.991586	1.344631	2.908459	
702	403	1	1.379125	3.350361	
703	403	2	1.097395	3.710417	1.349489	3.313339	
704	403	2	0.970272	2.849698	1.441697	3.074738	
705	403	1	1.352910	3.222683	
706	403	2	1.252075	2.991601	1.291861	3.037015	
708	403	1	0.973851	2.920284	
709	403	2	1.596539	3.199087	1.141232	2.891938	
711	403	1	1.211107	3.091253	
712	403	2	1.190980	-2.993682	0.900487	-2.993088	
713	403	1	1.093670	2.891938	
716	403	1	1.234488	2.642817	
717	403	1	1.515996	2.484485	
719	403	1	0.977681	2.806985	
728	403	1	0.942894	-2.124056	
462	404	1	1.431683	-2.976841	
486	404	1	1.012225	2.924742	
487	404	1	1.074566	3.115803	
488	404	1	0.838592	3.115764	
489	404	2	1.494297	3.061036	1.163570	3.115802	
490	404	2	1.106455	3.000926	1.145751	4.883981	
492	404	1	2.138946	2.918404	
493	404	1	1.306815	3.035395	
494	404	1	0.812615	3.115802	
503	404	2	1.151342	3.035403	1.267623	3.035400	
504	404	1	1.470639	3.112170	
505	404	3	1.420125	-3.123935	1.174026	3.437541	1.121754	3.039025	
506	404	2	1.162132	2.938924	1.090537	3.373116	
507	404	1	1.245030	3.005100	
508	404	2	1.247960	3.115790	1.272085	3.044488	
509	404	1	1.279221	3.115794	
510	404	1	1.407376	3.115797	
511	404	2	1.245804	2.973904	1.206080	3.115792	
513	404	2	1.201320	3.342597	1.303021	3.182366	
515	404	2	1.397266	3.115790	0.886706	3.542410	
517	404	2	1.384058	3.115802	1.146705	3.407253	
519	404	3	1.213914	3.206457	1.346215	3.016127	1.100414	3.115790	
520	404	1	1.415761	-3.076730	
522	404	2	1.417997	3.049228	1.323869	3.049228	
523	404	1	1.360282	3.115803	
524	404	1	1.117788	3.115803	
525	404	1	1.297517	3.115795	
527	404	2	1.532608	-3.050273	1.209152	3.187106	
528	404	1	1.244782	3.089153	
529	404	1	1.427136	-2.982037	
530	404	3	1.308779	-3.067720	1.203720	3.115791	1.223459	3.115794	
532	404	1	1.052213	3.198939	
535	404	1	1.190083	3.115802	
538	404	1	1.120188	3.192558	
540	404	1	1.201166	3.006436	
545	404	1	1.285878	3.198939	
546	404	1	1.133484	3.059486	
547	404	1	1.244293	3.268443	
548	404	1	1.309796	3.049228	
550	404	1	1.244293	3.268443	
551	404	1	1.104258	3.032654	
553	404	1	0.999860	3.206455	
554	404	1	1.152409	2.824330	
555	404	1	1.093726	2.904699	
556	404	1	1.224905	3.115803	
557	404	4	1.030297	0.617711	1.334967	3.115789	1.009665	3.703793	1.173963	3.115803	
558	404	2	2.223206	3.579440	1.237941	3.115790	
559	404	1	1.239973	2.904699	
561	404	1	1.107834	3.437542	
562	404	1	1.349374	3.361886	
565	404	1	1.160932	3.115803	
566	404	2	1.211907	3.044490	1.260012	3.049228	
567	404	1	1.262674	3.115802	
568	404	2	1.459054	3.115792	1.259100	-3.028039	
569	404	1	1.023613	3.032653	
570	404	2	1.110280	2.897120	1.464463	3.039025	
571	404	3	1.173392	2.817299	1.291280	3.005133	1.211210	3.130800	
572	404	3	1.165187	2.837500	1.269175	2.950637	1.216040	3.115792	
573	404	1	1.219322	2.950649	
574	404	4	1.466818	3.115803	1.573987	2.608694	1.078026	3.115803	1.247869	3.130797	
575	404	2	1.198899	3.198939	1.561149	3.016142	
576	404	1	1.184722	3.360779	
577	404	3	1.188474	3.382046	1.098317	3.115791	1.226760	3.130797	
578	404	2	1.214824	3.115790	1.336561	-3.084247	
579	404	2	1.191245	3.280939	1.690142	-3.067721	
580	404	2	1.468487	-3.090615	1.877109	2.884708	
581	404	3	1.341350	-3.014743	1.736165	2.930448	1.267632	3.130789	
582	404	3	1.509016	3.115789	1.297900	2.935948	1.124667	3.268454	
583	404	3	1.436872	-2.922407	1.690776	3.115802	1.128638	2.963150	
584	404	5	1.285904	-3.076728	1.633428	3.248345	1.288840	3.020842	1.263560	2.983241	1.165101	3.130799	
585	404	4	1.316834	-2.987528	1.661045	3.198926	1.126344	3.115791	1.379691	-3.089973	
586	404	2	1.401963	3.115802	1.033279	3.032654	
587	404	2	1.571674	2.998684	1.513211	2.859851	
588	404	5	1.552009	3.115803	1.885805	2.950637	1.265995	3.115789	1.083994	3.192569	1.408764	-3.081077	
589	404	2	1.279391	-2.969984	1.863785	3.115790	
590	404	4	1.536257	-3.002246	1.681170	3.313195	1.374018	3.115803	1.350609	3.130802	
591	404	2	1.130174	3.187105	1.291572	3.130789	
592	404	2	1.350485	3.130800	1.406030	3.075301	
593	404	4	1.853507	3.115791	1.452367	3.032654	1.171934	3.187106	1.159144	-3.085819	
594	404	2	0.946319	3.140183	1.303010	3.054023	
595	404	1	1.348636	3.059486	
596	404	3	1.884219	3.115802	1.165116	3.115792	1.210956	2.998244	
597	404	2	1.293782	3.257698	1.448591	3.064234	
599	404	2	1.260551	3.130800	1.403404	2.965650	
600	404	2	1.473212	3.129553	1.060873	2.839343	
601	404	2	1.473337	3.125096	1.540860	3.115441	
602	404	4	1.476624	-3.122389	1.033821	3.039021	1.327397	3.130794	1.358893	-3.089972	
603	404	1	1.081736	3.040143	
604	404	1	1.186685	3.115792	
605	404	3	1.290091	-3.061728	1.422986	3.130791	1.215173	3.130797	
606	404	1	1.229302	3.006437	
607	404	2	1.465170	-3.122389	1.232755	3.040145	
608	404	3	1.212407	-3.061731	1.246312	3.283452	1.372240	3.130797	
609	404	2	1.279182	3.130800	1.171000	2.998241	
610	404	1	1.073311	3.039024	
611	404	2	1.159595	-3.052729	1.227230	3.207562	
612	404	2	1.428204	-3.083943	1.182546	3.130791	
613	404	2	1.124774	3.115792	1.199788	3.031140	
614	404	2	1.292129	3.130797	1.177812	3.130803	
615	404	2	1.387590	3.047646	1.309333	3.247909	
616	404	2	1.197006	2.983247	1.316439	3.130800	
617	404	1	1.291327	3.064222	
618	404	2	1.064043	3.268440	1.304643	-3.093636	
619	404	1	1.400806	-3.069249	
620	404	1	1.401562	3.047659	
621	404	1	1.112399	-2.769401	
622	404	1	1.295613	3.031140	
623	404	1	1.320101	3.040131	
624	404	1	1.217212	3.130797	
625	404	1	1.360348	3.130794	
626	404	1	1.269462	3.040142	
627	404	1	1.196712	-3.052714	
629	404	2	1.316696	-2.989839	1.398618	3.130800	
630	404	1	1.234047	2.965655	
631	404	2	1.346797	-2.999749	1.191355	3.130797	
632	404	2	1.444145	3.031140	1.258578	3.202098	
633	404	1	1.448644	2.933404	
634	404	2	1.453834	3.130820	1.080198	3.059486	
635	404	2	1.568944	3.130759	1.328780	3.059499	
637	404	1	1.106558	3.197366	
638	404	1	1.347385	3.059486	
640	404	1	1.073913	3.064224	
645	404	1	1.071363	3.059497	
647	404	1	0.994025	3.041933	
648	404	2	1.114935	3.050941	1.055931	3.202096	
649	404	2	1.146863	3.141593	1.425416	3.031125	
651	404	2	1.026096	3.041933	1.025784	3.130803	
652	404	1	1.110823	3.141593	
654	404	1	1.117352	3.130789	
655	404	1	1.342637	3.085371	
657	404	2	1.273406	3.130802	1.145792	3.068379	
659	404	1	1.399617	-2.972535	
660	404	1	1.857484	3.032475	
664	404	1	1.330354	2.214305	
665	404	1	1.210892	2.923301	
667	404	1	1.290587	-3.122393	
669	404	1	1.239068	3.058447	
672	404	1	0.705518	1.589999	
674	404	1	0.873559	3.098145	
675	404	2	1.909385	2.422777	1.241467	2.863296	
676	404	2	1.637237	2.634506	1.606578	2.677945	
677	404	4	1.486781	2.553594	1.322987	2.634519	1.242489	-3.050928	1.212675	2.976460	
679	404	2	1.190936	3.098145	1.083042	2.767425	
680	404	2	1.090895	3.141593	1.023335	2.944200	
682	404	2	1.329094	-3.058445	1.023335	2.944200	
683	404	1	0.771370	2.850147	
684	404	2	0.928148	3.041933	1.787450	2.984996	
685	404	2	0.872843	2.976444	1.487149	2.896626	
686	404	3	0.727891	2.944200	1.502122	3.058447	0.839943	2.819842	
687	404	2	0.854442	3.058447	1.172415	-2.853895	
688	404	4	0.898436	3.141593	1.332069	3.041925	1.232924	2.961744	1.787450	2.984996	
689	404	4	0.890620	2.944200	1.300043	2.930507	0.660539	2.031515	1.806921	2.333700	
690	404	1	1.010833	2.976444	
691	404	1	1.205595	-3.050928	
692	404	1	1.164322	3.283058	
693	404	1	1.437887	-2.976444	
694	404	1	1.546946	2.914820	
697	404	2	1.226325	-3.050941	1.546946	2.914820	
699	404	1	1.282506	3.082250	
702	404	1	1.721214	1.884437	
704	404	1	1.518989	3.710417	
705	404	2	1.220020	3.418215	1.170467	2.891919	
706	404	2	0.663447	-2.703586	1.315100	2.900929	
708	404	1	1.250142	3.017239	
709	404	1	0.763100	-3.126454	
710	404	4	1.202000	3.050941	1.205424	3.490939	0.908811	-3.094188	1.198560	2.713273	
711	404	3	1.108145	3.372102	0.954374	3.115954	0.883124	2.991585	
712	404	5	1.451831	2.900936	0.880932	-3.111740	0.744356	2.991610	1.374212	3.236577	1.241567	-2.827941	
713	404	2	0.906736	3.082252	1.079685	2.826457	
714	404	1	1.043424	3.058155	
715	404	3	0.899231	-2.855943	1.192421	3.144238	1.038249	2.620702	
716	404	1	1.489326	3.248916	
718	404	1	0.899231	-2.855943	
467	405	1	1.374974	-2.996098	
480	405	1	1.359463	3.118542	
482	405	1	1.012225	2.924742	
483	405	1	1.530671	2.962357	
484	405	1	1.298917	3.064801	
487	405	1	1.267259	3.094151	
488	405	1	1.273041	3.126060	
489	405	1	1.210495	3.097818	
490	405	3	1.216003	3.067644	1.273264	-3.130681	0.716128	3.622885	
493	405	2	1.338859	3.120902	1.210467	3.065687	
494	405	1	1.268093	3.159754	
495	405	1	1.209526	-3.087874	
496	405	1	1.244500	3.065688	
497	405	2	1.663936	3.313184	1.211007	3.044489	
498	405	1	1.133457	3.067645	
499	405	2	1.268093	3.159754	1.209526	-3.087874	
500	405	1	1.196036	3.192570	
501	405	3	1.623609	2.940446	1.195409	3.097818	0.967353	3.308414	
502	405	1	1.171384	3.035403	
503	405	1	1.196036	3.192570	
505	405	3	1.486098	3.048386	1.457143	3.087983	1.195700	3.159754	
506	405	2	1.211916	-3.115237	1.226622	3.226452	
507	405	1	1.115073	3.206131	
508	405	1	1.193248	3.115794	
510	405	2	1.311639	3.120902	1.120210	3.167948	
511	405	1	1.193248	3.115794	
513	405	1	1.315513	3.115802	
515	405	1	1.317331	3.115795	
516	405	1	1.332706	3.248345	
517	405	1	1.211125	3.115794	
518	405	1	1.464973	3.057042	
519	405	1	1.303021	3.182366	
521	405	1	1.308304	3.215464	
522	405	1	1.312405	3.268443	
523	405	1	1.245521	3.168382	
524	405	1	1.128984	3.206457	
526	405	2	1.137297	2.817287	1.128984	3.206457	
527	405	3	1.112623	2.918403	1.428613	2.978729	1.250377	3.220673	
528	405	2	1.110345	2.983250	1.225577	2.983250	
529	405	3	1.125708	3.016125	1.174511	3.049229	1.312745	2.963151	
530	405	2	1.105711	3.115793	1.167895	3.115792	
531	405	1	1.483891	3.168374	
532	405	3	1.439030	-3.076728	1.201298	3.044500	1.292809	3.115797	
533	405	4	1.103992	3.115802	1.171824	3.044488	1.549372	3.215464	1.219503	3.257701	
534	405	4	1.624044	3.115790	1.060113	2.918389	1.263910	3.115798	1.219279	2.950642	
535	405	4	1.448568	-3.002230	1.114874	3.206457	1.246317	3.115792	1.342078	3.016138	
536	405	5	1.128750	3.115801	1.002259	3.295658	1.172427	3.115803	1.279689	3.313181	1.076203	3.025133	
537	405	7	1.103945	3.115802	1.396722	-2.969985	1.424325	3.662589	1.049294	3.206456	1.084456	3.115791	1.663517	3.215464	1.164686	3.029058	
538	405	3	1.169429	3.115776	1.455459	3.115793	1.232674	3.168374	
539	405	6	1.256412	3.115788	1.420170	3.115789	1.176219	3.187093	1.561413	3.165750	1.297669	3.115803	1.254179	3.187100	
540	405	5	1.179596	3.025137	1.174213	3.187106	1.364248	3.115790	1.323435	3.016127	1.236362	3.257701	
541	405	5	1.275244	3.115792	1.577705	-2.969984	1.120658	3.115803	1.472578	3.115794	1.205683	3.032654	
542	405	6	1.287395	3.257701	1.152190	3.115797	1.259818	3.215464	1.271793	-3.087558	1.369821	3.248357	1.651817	-2.747497	
543	405	4	1.250256	2.918403	1.364272	3.115792	1.130609	3.257701	1.095589	3.115789	
544	405	4	1.337455	2.935948	1.433074	3.115803	1.244109	3.215466	1.201455	3.198938	
545	405	5	1.295275	3.115789	1.302139	3.060299	1.345238	3.163382	1.124331	3.192569	1.224904	3.115792	
546	405	4	1.264506	3.039022	1.254901	3.115792	1.271033	3.168382	1.209492	3.115790	
547	405	4	1.419852	3.115803	1.223789	3.115790	1.132711	3.154242	1.225236	-2.908620	
548	405	2	1.446666	3.248355	1.467289	-3.067721	
549	405	5	1.366471	3.220672	1.409216	-3.104969	1.097267	3.313186	1.556381	3.163375	1.343842	3.115803	
550	405	6	1.439354	3.115789	1.351631	2.794044	1.348450	-3.067721	0.935924	2.817298	1.147919	3.165758	1.290708	3.215465	
551	405	4	1.510197	3.115803	1.053864	2.527789	1.509993	3.149116	1.285879	3.032653	
552	405	4	1.569545	3.115803	1.218062	2.767029	1.397535	3.115790	1.257339	3.280951	
553	405	3	1.556272	2.963150	1.164470	2.918404	1.128008	3.115773	
554	405	8	0.870700	1.544985	1.561663	3.115788	1.164439	2.918403	1.454428	3.115792	1.173963	3.115803	1.291577	3.115795	1.139163	3.198939	1.230300	3.047647	
555	405	3	1.639977	3.039024	1.604617	3.053379	1.167704	3.280939	
556	405	5	1.580923	3.115791	1.348784	3.115803	1.343561	3.115790	1.254582	3.098848	1.146663	3.031140	
557	405	5	1.530753	3.280951	1.415846	3.115802	1.246594	3.115793	1.509372	3.115803	1.275724	3.192570	
558	405	7	1.130543	3.240148	1.375310	3.115802	1.475165	3.082478	1.243536	3.251329	1.120684	3.044488	1.430900	3.280943	1.055826	3.115803	
559	405	4	1.167222	3.232902	1.536687	3.016132	1.275079	3.115802	1.221753	3.130786	
560	405	5	1.292399	3.313200	1.576146	3.049228	1.148659	2.973903	1.285727	3.210748	1.225655	3.192569	
561	405	5	1.107283	3.295643	1.147076	3.313187	1.329957	3.115794	1.275753	3.192569	1.126563	3.130795	
562	405	5	1.067845	3.257690	1.229199	3.280939	1.308637	3.115789	1.061629	3.206457	1.216065	3.115793	
563	405	6	1.011125	3.025134	1.328705	3.215464	1.337974	3.115790	1.131944	3.198938	0.991997	3.198938	1.178906	3.130801	
564	405	5	1.419739	3.215464	1.243956	3.206458	1.437031	3.044490	1.495717	3.039025	1.140174	3.251322	
565	405	7	1.181180	3.032653	1.189642	3.187106	1.222939	2.998692	1.509015	3.115803	1.377781	3.115802	1.294958	3.187105	1.149054	3.221443	
566	405	7	1.056629	3.115803	1.009173	3.115803	1.360081	2.963150	1.529704	3.115802	0.988340	3.115802	1.249504	3.115790	1.124544	3.130796	
567	405	6	1.073114	3.032667	1.585469	3.206455	1.315533	3.057042	1.315632	3.115802	1.087340	3.115789	1.264149	3.130797	
568	405	5	1.090821	2.918390	1.638445	3.032654	1.187471	3.115795	0.937350	2.870824	1.107116	3.115802	
569	405	4	1.239408	3.206455	1.198193	2.950637	1.246954	3.053379	1.463316	3.115803	
570	405	6	1.082592	3.192569	1.542494	3.115803	0.747931	3.360772	1.398093	3.049228	1.254226	3.130797	1.535834	3.054024	
571	405	6	1.573464	3.025137	1.226598	3.178217	1.377815	3.115803	1.404538	-3.114807	1.190293	3.198939	1.181326	3.222531	
572	405	3	1.484158	3.215466	1.180345	3.182356	0.881374	3.240168	
573	405	7	1.864036	3.115789	1.087035	3.187094	1.438682	3.198938	0.806972	3.301150	1.209023	3.115791	1.319884	3.115802	1.124691	3.268440	
574	405	2	1.273233	2.849538	1.468503	3.130799	
575	405	4	1.170786	3.182366	1.336460	3.161216	1.191201	3.172444	1.124544	3.130796	
576	405	6	2.189075	3.313182	1.149145	3.115803	1.511617	3.020843	1.323232	3.187106	1.182008	3.115790	1.045884	3.115803	
577	405	5	1.403572	3.115802	0.834128	3.057033	1.372723	-3.093627	1.170779	3.040132	1.073762	3.130803	
578	405	7	1.126345	3.280943	1.977998	3.063215	1.201931	3.115803	1.438428	3.206457	1.220995	3.115803	1.372854	3.130804	1.457211	3.130791	
579	405	6	1.084549	3.187106	1.246623	3.016127	1.315646	-3.076728	1.091103	3.115803	1.080789	3.115790	1.209275	3.047656	
580	405	1	0.868920	3.232912	
581	405	8	1.171720	3.268440	1.138950	3.115792	1.750151	3.198938	1.310299	-3.084247	1.225243	3.032654	1.275084	3.115791	1.138735	2.973903	1.374593	3.189558	
582	405	5	1.286782	3.198938	1.253903	2.991438	0.876761	3.057041	1.288327	3.130797	1.295444	3.295936	
583	405	4	1.194416	3.268443	1.470701	3.115803	0.859598	2.998684	1.316913	3.130794	
584	405	5	1.342217	3.115803	1.136595	3.049229	1.366683	-3.084247	1.275055	3.115790	1.301767	3.130794	
585	405	6	1.200961	3.178217	1.116395	3.115802	0.882669	3.171297	1.442649	3.130791	1.380050	3.013688	1.520616	3.078209	
586	405	4	1.204888	3.295643	1.551547	3.115791	1.633608	3.295658	1.059125	3.031141	
587	405	4	1.555911	3.039025	1.631017	3.268454	1.287027	3.178217	1.372953	3.130793	
588	405	3	1.326827	3.115803	0.706974	3.115792	1.378497	3.130795	
589	405	4	1.293112	3.115787	1.207523	3.240148	1.287903	3.068379	1.250657	3.130797	
590	405	6	1.545549	2.961652	1.034703	3.187105	1.497327	3.115798	0.773372	3.115796	1.077496	3.268449	1.291302	-3.089972	
591	405	5	1.125690	2.918389	1.400089	-3.117428	1.565558	3.215466	1.339161	3.115789	1.198995	3.130797	
592	405	7	1.247360	2.935948	1.337219	-3.104968	1.263447	3.115794	0.903838	3.115793	1.121355	3.257690	1.362654	3.130795	1.477725	3.183380	
593	405	5	1.107836	3.032654	1.374181	3.115803	1.190369	3.115793	1.329870	3.115803	0.792020	3.178207	
594	405	5	1.120248	3.206458	1.621268	3.178217	1.419096	3.016126	1.381513	-3.028027	1.342548	3.072041	
595	405	6	1.131614	3.206455	1.374181	3.115803	1.083385	3.115802	0.880893	3.263646	1.017168	3.115803	1.391938	-3.089972	
596	405	6	1.139154	3.198938	1.988650	3.115803	1.297291	3.115788	1.006272	3.016126	1.249445	3.130795	1.334347	3.247900	
597	405	4	1.126056	3.115788	1.191521	3.115776	1.558324	3.115793	1.585375	3.032653	
598	405	5	2.302359	3.115803	1.319187	3.115802	0.851057	3.057033	1.183556	3.115792	1.142963	3.047646	
599	405	6	1.248336	3.213375	1.626774	3.301139	1.474622	3.295658	1.154884	3.326891	1.266240	3.130799	1.305430	2.956119	
600	405	5	1.552538	3.160801	1.333717	3.115790	1.070162	3.115791	1.368029	3.013691	0.694785	2.611657	
601	405	4	1.174359	3.115793	1.629168	3.115789	1.348610	3.295644	1.035513	2.988900	
602	405	5	1.141346	3.061127	1.545877	3.178217	1.361616	-3.093637	1.014076	2.180240	0.830236	3.040137	
603	405	7	1.084259	3.160802	1.540763	3.161223	1.208766	3.140788	1.431656	-3.090616	1.475447	-3.035277	1.477611	2.839329	1.367940	3.247908	
604	405	4	1.605998	3.115803	1.255241	3.240160	1.622736	3.115803	1.295031	3.115803	
605	405	7	1.608172	3.160795	1.703888	3.115789	1.451402	3.032654	1.384345	-3.089962	1.423401	3.078209	1.227237	-2.954994	1.025028	3.130792	
606	405	5	0.811501	-1.796583	1.456316	-3.122389	1.089528	3.187106	1.429673	3.115789	1.443275	3.115791	
607	405	8	1.084259	3.160802	1.417300	3.279468	1.895298	3.039025	1.159978	3.115793	1.115884	3.257701	1.337345	3.130789	1.431892	3.235672	1.436676	3.031132	
608	405	4	1.769572	3.115803	1.511591	3.115803	1.393511	3.115796	1.461834	-3.014731	
609	405	2	1.240983	3.115802	1.492820	3.130796	
610	405	7	1.608172	3.160795	1.051000	3.160792	1.693615	3.115790	1.170302	2.983241	1.461834	-3.014731	1.346309	3.130800	1.319947	3.072041	
611	405	5	1.367001	-3.122391	1.647194	3.226452	1.378128	3.068381	1.051040	3.059492	1.429180	3.180754	
612	405	1	1.556742	3.130801	
613	405	7	1.565225	3.132388	1.355832	3.159244	1.263238	3.115789	1.209720	-3.081079	1.432107	2.839333	1.208964	3.130794	1.300825	3.272695	
614	405	4	1.266147	3.260468	1.364975	3.130789	1.496114	3.130802	1.106878	3.197365	
615	405	5	1.512650	3.160794	1.159390	3.115802	1.336532	3.130805	1.172551	3.130789	1.431769	3.130797	
616	405	5	1.501361	-3.122388	1.462195	3.089149	1.282785	3.130801	1.324015	3.130802	1.067142	3.059486	
617	405	3	1.459865	-3.122389	1.468710	3.130797	1.323694	3.130797	
618	405	2	1.257501	3.110834	1.745935	3.310651	
619	405	4	1.223279	3.130802	1.301505	3.207562	1.033292	3.202107	1.430641	3.080839	
620	405	2	1.296453	3.130799	1.429048	3.235673	
621	405	3	1.494033	-3.112774	1.278579	3.078209	1.278751	3.130800	
622	405	6	1.142396	3.160795	1.455037	-3.045621	1.318164	-3.085821	1.415211	2.933404	1.324590	3.130791	1.081655	3.130792	
623	405	3	1.303509	3.130800	1.195762	-3.052732	1.426334	3.130797	
624	405	4	1.540807	3.119155	1.570944	3.130787	1.344048	3.130803	1.107968	3.040143	
625	405	5	1.188557	3.105299	1.304589	3.025266	1.405188	3.068379	1.213095	3.183380	1.120742	3.064222	
626	405	2	1.315689	3.064222	1.503610	3.130795	
627	405	2	1.235593	3.166500	1.261230	3.059486	
628	405	5	1.412266	-3.082407	1.300564	3.130790	1.423833	3.130799	1.081475	3.130803	1.533321	3.176216	
629	405	4	1.131112	3.160795	1.402305	-3.089973	1.339886	3.130792	1.251619	-3.102432	
630	405	2	0.931678	-3.063631	1.136069	2.950953	
631	405	2	1.278130	3.130799	1.285720	-3.052732	
632	405	3	1.726815	3.130797	1.052019	3.035847	1.430619	3.080840	
633	405	3	0.956639	-3.122389	1.292849	3.130802	1.209488	3.130796	
634	405	3	1.341508	-3.081078	1.498264	3.178384	1.122649	3.040142	
635	405	1	1.681755	3.084023	
636	405	3	1.015873	3.130955	1.360731	3.183380	1.375529	3.130797	
637	405	6	1.304411	3.117352	1.396176	3.068372	1.419082	3.130791	1.377863	3.130801	1.042333	3.130787	1.051419	3.047646	
638	405	1	1.417313	3.130797	
639	405	5	1.316625	-3.141580	0.976497	-3.122388	1.327566	3.075296	1.124585	3.130792	1.330833	3.130792	
640	405	3	1.378016	3.130799	1.384338	3.130786	1.051419	3.047646	
641	405	5	0.994613	3.241267	1.387036	3.141593	1.346405	3.130799	1.272951	3.075304	0.924416	1.659673	
642	405	3	1.061988	3.050941	1.238153	3.113211	1.064122	3.047659	
643	405	8	0.957449	2.677914	1.253297	4.124398	1.487842	3.122356	1.321771	3.130800	1.360873	3.130799	1.445816	3.130797	1.057352	3.310650	1.008046	3.272696	
644	405	4	1.101696	3.141618	1.267800	-3.058445	0.947957	3.041933	1.880173	-3.085820	
645	405	5	1.008001	2.944200	1.010066	3.141593	1.379700	3.141602	1.269859	-3.122390	1.433722	3.130797	
646	405	7	0.981652	3.141608	1.330439	2.574868	1.255556	3.141593	0.947957	3.041933	0.874063	-3.055821	1.266371	3.070138	1.123988	3.075296	
647	405	5	1.031299	3.141593	1.230501	3.130792	1.423396	3.130797	0.914715	3.064234	1.345841	3.130798	
648	405	4	0.881200	3.141593	1.316790	-3.141587	1.562753	3.082841	1.487842	3.122356	
649	405	3	0.996228	3.208165	1.113092	3.306741	1.222481	3.080840	
650	405	5	1.117458	3.232257	1.136001	-3.122388	1.342637	3.085371	1.176509	2.972140	1.445225	2.965643	
651	405	4	0.996093	3.141593	1.104713	3.232257	1.467814	3.328193	1.294924	3.130792	
652	405	4	1.138470	3.258699	1.050484	3.218368	1.562753	3.082841	0.932932	3.031125	
653	405	3	1.178756	3.141593	1.323752	3.141593	1.211775	-3.102431	
654	405	4	1.272631	3.241267	1.269859	-3.122390	1.141714	3.110834	1.134102	2.950939	
655	405	3	0.944807	3.141593	1.528580	3.141593	1.178193	-3.052729	
656	405	5	0.956008	3.089014	0.959699	3.141593	1.295374	3.058460	1.002561	2.950953	1.506766	2.923302	
657	405	2	1.088939	3.232257	1.248287	3.080840	
658	405	3	1.252649	3.058447	1.129169	2.976448	1.236689	3.115372	
659	405	2	2.265944	2.976444	1.529979	3.141593	
660	405	4	1.811676	2.984997	1.071274	3.050941	1.040337	2.961743	1.417329	3.183380	
661	405	4	1.025784	3.041925	1.133560	3.058461	1.333600	-3.141579	1.399617	-2.972535	
662	405	2	1.106418	3.050940	1.669440	3.194179	
663	405	4	1.023712	3.321442	1.349827	-3.087588	1.173389	3.064816	1.140153	3.110842	
664	405	1	1.199302	3.141593	
665	405	3	2.101498	2.488754	1.002299	3.050942	1.124324	3.224741	
666	405	2	1.066529	3.224738	1.006278	3.041933	
667	405	1	0.913424	3.041933	
668	405	1	0.987314	3.232260	
670	405	1	1.258968	2.976448	
671	405	4	2.491247	2.774424	0.829740	2.553602	1.263487	3.218370	1.290587	-3.122393	
672	405	3	1.241467	2.863296	1.487244	2.651642	1.464335	3.017249	
673	405	2	0.913682	2.930496	1.230630	3.050939	
674	405	3	1.412452	2.422757	1.916178	2.122443	1.117426	3.306749	
675	405	8	1.741747	2.356214	0.852321	3.208165	1.083666	3.141593	1.700206	2.297426	1.041440	2.966925	1.366761	2.976448	1.123281	2.761079	0.880183	3.030938	
676	405	8	1.344606	2.761091	0.914433	3.141600	0.993677	3.349094	0.902469	2.999697	1.130540	3.041933	2.309604	2.390666	1.149256	3.050925	1.499170	3.024486	
677	405	6	1.332671	2.613513	0.749899	3.224740	0.967163	-3.079170	0.847582	2.910503	1.156748	3.058445	1.083042	2.767425	
678	405	5	1.018314	2.819842	1.481241	3.070291	0.946547	3.241267	0.780393	3.141593	0.959479	2.819844	
679	405	8	0.926590	2.792828	1.344927	3.058447	1.042224	2.988944	0.831243	-3.070282	0.760732	-2.976436	1.299425	3.141604	1.086253	2.976448	1.170211	3.103154	
680	405	8	0.774384	2.944206	1.421249	3.141593	1.053616	3.191554	1.238156	3.294253	0.993677	3.349094	1.187189	3.241267	0.845751	3.265934	1.700058	3.036719	
681	405	6	0.773519	3.141593	0.979389	3.386571	1.098769	3.141593	0.855357	-2.988933	0.824119	2.976436	1.154292	3.224740	
682	405	7	0.789863	2.944200	1.426089	3.086099	0.931806	3.141593	1.292455	3.500365	0.932004	-2.850129	1.287048	3.141603	1.448267	3.204016	
683	405	4	1.412656	2.976444	0.885184	3.141593	1.322873	3.024487	0.905389	-2.843085	
684	405	4	1.165917	3.212905	1.007328	-3.009033	1.227493	-3.050928	1.263826	3.294238	
685	405	2	0.991070	3.224740	1.247238	3.058454	
686	405	1	1.344800	2.961743	
695	405	1	1.199182	3.041933	
696	405	1	1.034030	-2.616851	
698	405	2	1.026800	-2.395526	1.337505	3.074738	
699	405	1	1.281872	-3.141579	
700	405	1	1.098248	2.693087	
701	405	2	1.038996	-3.111727	1.201301	2.891930	
702	405	2	1.250142	3.017239	1.185007	-3.064798	
703	405	3	1.123690	2.746618	0.984452	3.074726	1.279130	2.991591	
704	405	2	2.223991	2.492247	1.134407	2.991589	
705	405	1	1.089482	2.826458	
706	405	2	0.911018	2.891930	0.985758	3.054019	
707	405	3	1.915530	2.206199	1.032380	2.900950	1.203265	3.133479	
708	405	3	1.081217	2.991587	1.150316	2.914816	1.201051	-3.013287	
709	405	2	1.803026	3.951655	1.036617	2.826430	
712	405	1	1.960491	2.206198	
713	405	2	1.449610	2.451170	0.980550	-2.596844	
715	405	1	1.274113	-2.751153	
718	405	1	1.478899	3.269893	
720	405	1	0.587002	-3.049561	
722	405	1	1.298148	3.176938	
727	405	1	1.038244	-1.524878	
730	405	1	1.323740	-2.203899	
464	406	1	0.900194	-3.033723	
466	406	1	1.182771	3.167948	
467	406	1	1.099526	-3.036697	
472	406	1	1.438583	-3.113465	
474	406	2	1.147536	3.035396	1.099764	3.035396	
475	406	2	1.054590	-3.095138	1.119648	3.035396	
477	406	3	1.443565	-3.009176	1.530671	2.962357	1.235152	3.126060	
479	406	2	0.987380	2.958625	1.402992	3.035400	
482	406	1	1.235152	3.126060	
483	406	1	0.946129	3.118536	
484	406	1	1.246841	3.126060	
487	406	1	1.023092	-3.095138	
492	406	1	1.257342	3.152510	
494	406	2	0.989385	-3.128360	1.490438	3.112167	
498	406	1	1.171384	3.035403	
510	406	1	1.437103	3.157439	
512	406	1	0.927489	3.360763	
519	406	1	1.019647	3.085501	
520	406	2	0.864070	3.182366	1.298681	3.005153	
521	406	1	1.010412	3.044488	
522	406	2	0.857016	3.053377	1.428613	2.978729	
523	406	1	1.255369	2.710889	
524	406	1	0.756923	3.115789	
525	406	2	0.945923	3.039025	1.032221	2.950642	
527	406	1	1.287706	3.115797	
532	406	3	1.227962	3.295658	1.372976	2.963150	1.401670	3.482973	
538	406	1	1.073552	3.295648	
540	406	1	1.230953	2.782026	
542	406	1	1.087022	3.280947	
543	406	1	1.073291	3.183380	
547	406	1	1.019104	3.130804	
548	406	2	1.111582	3.342602	1.323862	3.020139	
549	406	3	1.413405	2.575387	1.174146	-2.860931	0.956645	3.130793	
550	406	1	1.201325	3.040142	
551	406	2	1.346132	-3.075621	0.988532	3.130799	
552	406	3	1.571102	3.437551	1.230300	3.047647	1.456547	3.230470	
553	406	2	0.529674	2.330393	1.032913	3.130791	
554	406	2	1.064414	3.220672	1.339510	3.130797	
555	406	4	2.178104	3.192563	1.469311	3.165750	1.463057	3.020141	1.070903	3.031136	
556	406	3	1.356204	3.130795	1.131488	3.083214	1.456547	3.230470	
557	406	1	1.036368	3.078217	
558	406	3	1.273715	-3.028036	1.247530	3.130797	0.965271	3.130792	
559	406	3	1.498133	3.215464	1.065803	3.115793	1.396889	3.075296	
560	406	2	1.625238	-2.853889	1.127520	3.230468	
562	406	5	1.651772	3.171289	1.354353	3.054024	1.372203	3.130792	1.039449	3.183380	1.396889	3.075296	
563	406	4	1.702300	3.161216	1.316560	3.290463	1.746499	3.280951	1.351247	3.130795	
564	406	2	1.448534	3.130801	1.060658	3.230468	
565	406	3	1.529170	3.206456	1.192872	3.226462	1.230923	3.130801	
567	406	2	1.288887	3.130794	1.226197	-3.061728	
568	406	2	1.438844	3.198938	1.448534	3.130801	
569	406	3	1.557881	3.187106	1.367244	3.054025	1.153177	2.950939	
570	406	2	1.579620	3.206457	1.405313	-3.113944	
571	406	3	1.260793	3.130797	1.337160	-3.069251	1.432607	3.130797	
572	406	2	1.441324	3.206455	1.007491	3.075296	
573	406	1	1.378614	-3.019839	
574	406	4	1.741968	3.115802	1.376192	3.072032	1.116833	-3.052714	1.058626	3.031125	
575	406	3	0.841597	3.240158	1.260059	3.068370	1.424857	3.130797	
576	406	5	1.143309	3.115796	1.687877	3.230470	1.234934	3.130801	1.032831	3.130799	1.093003	3.130797	
577	406	1	0.946346	3.328736	
578	406	6	1.445714	3.132388	0.841965	3.115793	1.518970	3.183380	1.368661	3.130794	1.043545	3.031122	1.165855	-3.037513	
579	406	2	0.941374	3.299742	1.437758	3.130797	
580	406	5	1.058646	3.025137	1.042366	3.115796	1.350438	3.072041	1.228780	3.130797	1.251038	3.130800	
581	406	4	1.116233	3.016137	1.058613	2.933400	1.244869	3.040128	1.057327	3.130799	
582	406	1	1.655234	3.130800	
583	406	4	1.082570	3.215464	1.509066	3.078217	1.185691	-3.061728	1.047210	3.230455	
584	406	3	1.545549	2.961652	1.225592	3.115793	1.550920	3.130793	
585	406	2	1.175873	-3.061728	1.047010	3.180754	
586	406	1	1.335067	3.115789	
587	406	5	1.160728	3.464564	1.254842	3.115803	1.451108	3.130792	1.414053	3.130798	1.093073	3.031125	
588	406	2	1.247411	3.295657	1.483250	3.130797	
589	406	4	1.510665	3.115803	1.166187	3.115794	1.054962	3.080833	1.099516	3.267863	
590	406	4	1.209876	3.115788	1.246285	3.115796	1.528433	3.230455	1.206326	2.950934	
591	406	2	1.128853	3.115794	1.078043	3.130797	
592	406	4	1.804944	3.268443	1.099429	-2.860940	1.192161	3.130797	1.427145	3.130797	
593	406	4	1.157757	3.060299	1.377863	3.130787	1.070811	3.078218	1.659096	3.020139	
594	406	5	1.221396	3.198939	1.121121	3.115793	0.697307	3.257701	1.412913	3.090818	0.728428	3.006449	
595	406	4	1.268341	3.115802	1.083346	3.422244	0.820980	3.080840	1.349076	3.186298	
596	406	1	1.350902	3.305471	
597	406	3	1.268341	3.115802	1.363346	3.006437	1.406140	3.241455	
598	406	2	1.150789	3.280955	1.073485	3.024059	
599	406	7	1.242503	3.437542	1.112031	3.115787	1.555012	-3.010490	1.008522	3.025916	0.983280	2.965656	1.289562	-3.096888	1.480647	3.083214	
600	406	2	1.132310	3.004194	1.202535	3.056855	
601	406	3	1.297913	3.130804	1.046287	3.064223	1.158821	3.130801	
603	406	2	1.308161	2.933398	1.314006	3.130791	
604	406	2	1.144937	3.317396	1.329568	3.013682	
605	406	3	1.213359	3.241446	1.157400	3.221457	0.902209	-3.057441	
606	406	2	1.500327	3.040142	1.319399	3.130792	
607	406	2	1.287339	3.040129	1.170787	3.221456	
608	406	3	1.144937	3.317396	1.281052	3.130792	1.523500	3.186298	
609	406	3	1.500327	3.040142	1.115284	3.130799	1.034743	3.130787	
610	406	2	1.207677	3.075296	1.331549	-3.041731	
611	406	4	1.216691	3.130797	1.024150	2.933398	1.071911	2.950953	1.523500	3.186298	
612	406	2	1.069492	3.050145	0.984207	3.130790	
613	406	3	1.003503	2.923301	0.892046	-3.052733	0.972079	3.040143	
615	406	4	1.106058	3.221458	1.163784	-3.069237	1.202191	2.978149	0.949413	3.130801	
617	406	3	1.096663	3.130797	0.881796	-3.052730	1.285025	-3.096888	
618	406	2	1.159226	3.130786	1.277428	3.130792	
619	406	3	0.926440	3.160791	0.952071	-3.061728	1.546533	3.130797	
620	406	4	1.630735	3.160795	1.047428	3.031141	1.092900	-3.108944	1.129568	3.130797	
621	406	1	1.430925	3.130790	
622	406	2	1.015873	3.130955	1.099069	3.130786	
623	406	3	1.102486	3.105299	1.213747	3.054023	1.455714	3.186289	
624	406	3	0.916193	-3.052717	1.032074	3.130797	1.303840	2.965650	
625	406	2	1.215930	3.080839	1.132753	-3.069251	
626	406	2	1.001009	3.230468	0.987730	3.130797	
627	406	2	1.200025	3.031122	1.405537	3.130801	
628	406	3	1.048397	3.221443	1.150488	3.130797	1.370124	-3.096887	
629	406	3	1.611983	3.160795	1.229983	3.241454	0.951037	3.130787	
630	406	1	1.422956	3.068381	
631	406	3	1.183062	3.241446	0.907887	2.839342	1.636831	3.130797	
632	406	3	1.176738	3.271452	1.160204	3.241456	1.285222	-3.099805	
633	406	4	1.481513	-3.083948	1.350746	-3.102431	1.422956	3.068381	1.002993	3.087349	
634	406	2	1.158482	3.241454	1.499638	3.130799	
635	406	3	1.346588	-3.052729	1.295115	3.040128	1.543338	3.130797	
636	406	1	1.050419	3.102041	
637	406	1	1.450205	3.130800	
638	406	5	1.020320	2.963401	1.356040	3.036440	1.075967	3.072041	1.174300	3.130795	1.471943	3.025918	
639	406	4	1.547650	3.366197	1.050595	3.219555	1.104230	3.216299	1.543338	3.130797	
640	406	1	1.354559	3.058460	
641	406	1	1.470230	3.130800	
642	406	3	1.379170	-3.080744	1.243209	3.230470	1.465272	3.241454	
643	406	7	1.313589	3.058458	1.204222	3.141593	1.076340	3.160792	1.019317	3.277902	1.580228	3.040131	0.906372	2.698392	1.315400	3.130792	
644	406	2	1.516063	3.141593	1.900968	2.279430	
645	406	5	0.915975	4.124435	1.214154	3.141593	1.580228	3.040131	1.029420	2.945443	1.444859	3.020138	
646	406	2	1.083721	3.141599	1.009061	2.986122	
647	406	2	1.227492	-3.050928	1.479529	3.084023	
648	406	1	1.223048	3.250227	
649	406	3	2.161869	2.880994	1.448364	-3.058445	1.277565	3.316139	
650	406	2	1.083721	3.141599	1.045129	3.216299	
651	406	1	1.383858	3.321443	
652	406	4	1.738993	2.976448	1.323321	3.141593	0.851864	-3.122392	1.481899	-3.082407	
653	406	6	1.611451	3.224738	1.150751	3.141593	1.021131	3.232257	1.124348	3.108208	1.379990	-2.957239	1.695916	3.130795	
654	406	1	1.531967	3.070291	
655	406	2	1.505942	3.141593	1.251420	3.141593	
656	406	2	1.592989	3.064827	1.154806	3.141593	
657	406	4	0.925456	3.228337	1.418359	3.141593	1.131118	3.271453	1.479752	3.084023	
658	406	2	1.111789	3.141606	0.851864	-3.122392	
659	406	2	1.823043	3.064829	1.322780	3.141593	
660	406	1	1.048520	3.075031	
661	406	2	1.582116	3.141593	1.163908	3.055925	
662	406	2	1.551661	3.258701	1.479752	3.084023	
663	406	1	1.496416	3.232258	
664	406	2	1.281873	-3.141578	1.058408	3.160794	
665	406	1	1.633032	2.988948	
666	406	3	1.590146	3.141593	1.329709	3.141593	1.410255	3.204016	
667	406	2	1.471286	3.232261	1.307408	3.191330	
668	406	5	1.470045	3.419894	0.758138	3.640953	1.185140	3.110834	1.541609	-3.085370	1.021212	-0.568806	
669	406	2	1.548929	3.141593	1.520517	3.200353	
670	406	1	2.400554	2.984996	
671	406	2	1.068543	1.190323	1.199457	-3.041918	
672	406	2	1.204634	3.141593	0.898659	2.709186	
673	406	6	1.152467	2.137517	1.807424	3.208165	0.875619	3.546490	1.549272	3.165983	1.451868	2.914800	1.355421	2.677955	
674	406	3	1.410555	2.634504	1.063572	3.321442	1.190801	2.645202	
675	406	4	1.553681	2.553577	1.402956	2.593046	0.913859	2.863286	0.938476	2.609878	
676	406	3	0.949192	2.761091	1.322669	-3.050928	1.823547	2.896614	
677	406	1	1.582114	3.141593	
678	406	1	1.538956	3.141593	
681	406	2	0.501274	3.252252	1.309158	-2.850133	
682	406	2	1.189617	3.386577	1.195021	3.386577	
683	406	2	1.234236	3.440101	1.450938	-2.976448	
684	406	3	1.009853	3.407846	1.189617	3.386577	1.129926	3.386571	
685	406	2	0.979494	3.386576	1.527931	3.372687	
686	406	3	0.517174	3.368396	0.620851	-2.927534	1.136617	3.568229	
687	406	1	1.171842	3.256470	
690	406	2	1.386908	3.274152	1.168686	-2.911088	
692	406	1	1.213799	-3.094189	
694	406	1	1.158819	3.091255	
696	406	1	1.189171	2.794184	
697	406	1	1.233688	3.058165	
698	406	1	1.401936	-2.911083	
699	406	1	1.120299	-2.703587	
700	406	1	0.955276	2.991591	
701	406	1	1.151174	-2.993099	
702	406	1	1.721214	1.884437	
704	406	3	1.164965	3.082252	0.942612	3.082252	2.366417	-2.506201	
706	406	1	1.164965	3.082252	
709	406	1	1.551517	2.693097	
711	406	1	1.262545	2.527942	
723	406	1	1.460006	-2.785746	
464	407	1	1.472014	-2.958811	
465	407	1	1.162333	3.131872	
468	407	1	1.301795	3.049891	
470	407	2	1.147536	3.035396	1.099764	3.035396	
471	407	2	1.646276	3.082981	0.962858	2.995427	
472	407	1	1.485322	3.009766	
477	407	1	1.718000	3.138479	
479	407	1	1.074143	3.106708	
483	407	1	1.508693	3.135065	
488	407	1	1.490438	3.112167	
489	407	1	1.718000	3.138479	
490	407	1	1.102569	2.893504	
495	407	1	1.684688	3.105054	
512	407	1	1.019647	3.085501	
544	407	1	1.179622	3.305784	
545	407	1	1.175590	2.897053	
546	407	1	1.207895	3.093773	
551	407	1	1.254606	-2.874093	
553	407	1	1.390396	-2.639308	
555	407	1	1.412691	2.912129	
557	407	2	1.259514	2.950642	1.211975	-3.081089	
558	407	1	2.878893	4.222981	
559	407	1	1.212669	3.130794	
560	407	2	1.097057	3.115803	1.177080	3.130796	
562	407	2	1.158205	3.375791	1.125931	3.054025	
563	407	1	1.103396	2.839342	
564	407	2	1.206893	2.983237	1.112337	3.130797	
565	407	1	1.106251	-2.725753	
566	407	1	1.338749	3.130800	
567	407	2	1.112337	3.130797	1.365796	3.130801	
568	407	1	1.042067	3.180754	
569	407	2	1.192872	3.226462	1.458705	3.130797	
570	407	2	1.160835	3.192570	1.247918	3.130795	
572	407	1	1.215269	3.130795	
573	407	1	1.110503	3.068379	
574	407	2	1.130067	3.232904	1.317372	3.130792	
575	407	1	1.114463	3.068381	
577	407	2	1.147812	3.130797	1.379625	-3.099805	
578	407	2	0.942829	3.348353	1.176605	3.193214	
579	407	1	1.458705	3.130797	
580	407	1	1.133635	3.068370	
581	407	1	1.416420	3.130797	
583	407	1	1.425331	3.230455	
584	407	2	1.381416	3.040129	1.286427	-3.081079	
585	407	2	1.123633	3.195628	1.213243	3.006437	
586	407	2	1.515400	3.207575	1.169045	3.130794	
587	407	1	1.223700	3.247907	
588	407	2	1.264766	3.031125	1.450083	-3.052716	
589	407	1	1.659096	3.020139	
590	407	1	1.101002	3.068379	
591	407	2	1.409366	3.130801	1.494032	3.047658	
592	407	2	1.170819	3.130795	1.309952	3.130791	
593	407	2	1.101825	3.328189	1.501496	3.130797	
594	407	1	0.910151	3.130794	
595	407	1	1.310936	3.310650	
596	407	3	1.132889	3.068381	1.501496	3.130797	1.269110	3.013688	
597	407	2	0.859375	3.089484	0.983280	2.965656	
598	407	2	1.364824	2.933399	1.628270	3.207575	
599	407	2	1.192111	3.013688	2.079319	3.130795	
600	407	3	1.203443	-2.965781	1.222251	3.464564	1.285713	3.031125	
602	407	3	1.555012	-3.010490	1.395812	-2.954999	1.089188	-3.069251	
603	407	3	1.147928	3.108208	1.070100	3.328193	1.356587	3.075297	
605	407	4	1.419124	-2.886129	1.561868	3.092353	0.908761	2.923301	1.466035	2.998251	
606	407	2	1.404574	-2.898907	1.241998	2.904003	
607	407	2	1.125252	-3.122382	1.257437	3.230471	
608	407	2	1.077434	3.130797	0.913081	2.950940	
609	407	2	1.587403	3.357597	1.170787	3.221456	
610	407	1	1.133505	-3.075623	
611	407	2	1.188645	-3.122389	1.049035	3.130797	
612	407	1	1.515693	3.207563	
613	407	1	1.151467	3.047658	
614	407	1	1.312402	3.013688	
615	407	1	1.103017	3.105290	
616	407	1	1.205013	3.309686	
618	407	1	1.117333	-3.011732	
619	407	1	1.086363	3.108208	
622	407	1	0.980246	3.040143	
626	407	1	0.916193	-3.052717	
627	407	1	1.180356	3.210760	
628	407	1	0.846788	3.130793	
631	407	1	1.169555	3.160789	
635	407	1	1.095232	3.160796	
640	407	1	1.818312	3.473828	
641	407	2	0.968957	3.064322	2.104655	3.594449	
646	407	1	1.655843	3.141593	
647	407	2	2.768588	2.723371	1.147259	-3.011732	
650	407	2	1.731250	3.141603	1.049600	3.036443	
651	407	1	0.876980	3.452546	
654	407	1	1.049600	3.036443	
665	407	1	1.331046	-2.914795	
666	407	1	1.170191	2.896596	
667	407	2	1.630966	0.321750	0.967550	3.522108	
668	407	1	0.724128	3.041918	
669	407	3	1.211483	3.204015	1.816309	3.082843	0.960310	3.540118	
671	407	1	1.116240	2.422757	
672	407	5	1.207023	2.158807	2.951155	2.677953	1.060088	2.601176	1.816309	3.082843	1.087645	3.391891	
673	407	8	1.129141	2.181510	1.676533	3.141593	1.347638	2.356194	1.005807	2.704975	1.016564	2.265536	0.904290	2.629208	1.035175	2.761091	1.614322	2.677953	
674	407	2	1.554057	3.141593	0.818971	2.896615	
675	407	2	2.057263	2.498080	1.704946	-3.079170	
679	407	1	1.701384	3.176064	
680	407	1	1.567622	3.212905	
682	407	1	1.283898	3.306749	
683	407	1	1.435676	3.440101	
685	407	2	1.575073	4.812064	1.362042	-2.792816	
686	407	1	1.136879	3.605252	
687	407	1	1.161000	3.306749	
688	407	2	1.126508	3.490369	1.271620	-2.381832	
689	407	3	0.501274	3.252252	1.444822	3.386567	1.045421	-3.025342	
690	407	2	0.987429	-2.403766	1.120617	-3.046611	
691	407	1	1.092837	-3.126453	
692	407	1	1.071783	3.074726	
693	407	1	1.113627	3.102254	
694	407	1	1.425821	3.326942	
695	407	1	1.170404	-3.126441	
697	407	2	1.146454	2.811742	1.184649	-3.094205	
698	407	2	1.258263	2.811741	1.157264	3.140484	
699	407	2	1.061733	-3.138948	1.184649	-3.094205	
700	407	1	1.217467	2.991593	
701	407	2	1.199840	2.849692	1.253218	3.091269	
702	407	2	1.130219	3.039172	1.657942	2.403593	
703	407	1	1.123966	2.929170	
705	407	1	1.026326	3.047087	
707	407	1	0.913508	2.908452	
709	407	1	1.306188	2.991591	
469	408	1	0.893518	2.924738	
551	408	1	1.384545	3.376399	
553	408	1	1.243765	3.115792	
554	408	1	1.245927	2.832302	
555	408	1	1.286286	3.070368	
556	408	2	1.265908	3.115803	1.282788	-2.794406	
558	408	1	1.127203	3.115803	
559	408	1	1.036695	3.032653	
560	408	1	1.182507	3.257690	
561	408	1	1.493179	3.376397	
562	408	1	1.295796	3.115793	
563	408	1	0.979163	3.240150	
564	408	3	1.118039	2.935929	1.252458	3.178218	1.279756	3.130787	
566	408	1	1.382069	3.130800	
567	408	1	1.336345	3.130800	
569	408	1	1.274219	3.130797	
570	408	1	1.665593	2.618412	
573	408	1	1.509153	3.044488	
575	408	1	1.391066	3.130800	
576	408	1	1.115026	3.016127	
577	408	1	1.628387	3.130797	
578	408	1	1.301801	3.115797	
580	408	1	1.388884	3.073715	
583	408	1	1.388561	3.039022	
585	408	1	1.310275	2.910403	
587	408	1	1.446160	3.001094	
603	408	1	0.552255	2.520068	
606	408	2	0.609205	2.974196	1.455251	2.667150	
607	408	1	1.458047	3.040128	
609	408	1	1.318766	-2.954993	
611	408	2	1.700512	3.084023	1.446798	3.130800	
615	408	1	1.535710	3.283449	
616	408	2	1.416382	-3.122393	1.368092	-3.128005	
620	408	1	1.416382	-3.122393	
622	408	1	1.207211	-3.069802	
624	408	1	1.603822	3.130798	
625	408	1	1.490641	3.117351	
626	408	2	1.207211	-3.069802	1.445701	2.818752	
629	408	1	1.121786	3.105299	
657	408	1	0.320493	-1.171090	
662	408	1	1.166969	4.363625	
667	408	1	1.263909	2.936197	
668	408	1	2.511068	4.877549	
669	408	1	0.975370	3.693253	
671	408	1	1.054454	1.750660	
672	408	3	1.098041	2.077898	0.694009	1.570796	1.916178	2.122443	
673	408	3	1.115591	1.873680	2.309604	2.390666	0.867234	2.319172	
685	408	1	1.747856	3.402191	
687	408	2	1.111725	3.752317	1.348556	-2.578270	
688	408	1	1.143804	3.729603	
689	408	3	1.476748	-2.466849	1.140122	3.568229	1.107760	-3.094204	
691	408	3	1.309460	3.546490	1.043710	-2.864970	0.935191	-2.671345	
692	408	3	0.921589	-2.512783	1.308227	-2.630551	0.986457	-2.605863	
694	408	1	1.283940	2.991605	
696	408	1	1.096656	2.991588	
698	408	1	1.184786	2.669841	
726	408	1	1.038244	-1.524878	
559	409	1	1.680363	3.776844	
569	409	1	1.074729	3.016125	
571	409	1	1.199797	3.025133	
618	409	1	2.243478	3.570642	
660	409	1	1.006645	-2.800637	
670	409	2	1.072147	2.316226	1.186961	2.231852	
671	409	3	0.758148	1.570796	0.930907	2.403781	1.016564	2.265536	
672	409	1	0.720501	2.158811	
686	409	1	1.901694	3.500365	
687	409	1	1.641767	3.635545	
688	409	1	0.935910	4.030074	
690	409	3	1.310241	3.669661	1.060765	-3.046623	1.341261	-2.703587	
691	409	3	1.111330	3.682017	1.422022	-2.797657	1.147000	-2.596854	
692	409	2	1.498660	-2.630550	1.182132	2.941637	
693	409	2	0.925808	-2.634492	1.307597	-2.751166	
694	409	2	1.115898	-2.784487	1.472447	3.550194	
732	409	1	1.407378	-2.493399	
561	410	1	1.438521	3.115802	
563	410	1	1.960910	-3.010791	
567	410	1	1.149399	2.527815	
669	410	1	0.898554	2.316226	
670	410	1	0.988302	2.256527	
671	410	4	0.785735	1.892577	1.098041	2.077898	0.793352	1.723456	0.821215	1.745461	
672	410	1	0.694009	1.570796	
688	410	1	1.480753	3.827324	
689	410	3	0.980510	3.970444	1.003158	3.785075	0.970238	-2.686042	
690	410	1	1.088771	2.772923	
691	410	3	1.351458	-2.480548	1.284200	-2.553781	1.390247	-2.572753	
692	410	3	1.200656	3.816335	1.196034	-2.506192	1.250698	-2.589336	
693	410	3	1.340246	3.700193	1.253156	3.708341	0.926689	3.648694	
694	410	3	0.902582	-2.677945	1.373114	3.605249	0.837459	-2.506189	
695	410	3	1.105195	-2.506191	1.025327	-2.572768	1.626452	-2.827947	
696	410	2	1.182583	-2.572756	1.753743	3.710429	
670	411	1	0.933046	2.158799	
671	411	4	0.993216	1.570796	0.880741	2.034412	0.610138	1.570796	0.904696	1.892571	
690	411	2	1.123770	3.605240	0.958040	-2.751165	
691	411	2	1.002127	3.889974	0.855057	-2.703599	
692	411	1	1.243461	3.776993	
693	411	4	1.282874	-2.422746	1.247512	-2.553781	1.481755	-2.648093	1.367252	-2.743044	
695	411	2	1.356326	3.664000	1.120969	3.682017	
696	411	2	0.922115	-2.743068	0.909625	-2.648093	
697	411	4	1.433826	3.712937	1.283243	-2.572768	1.291923	-2.739937	1.753743	3.710429	
698	411	1	1.420759	-2.662793	
699	411	1	1.404147	-2.616841	
726	411	1	1.054755	-1.524898	
735	411	1	1.407378	-2.493399	
670	412	2	1.089261	2.089937	1.165047	1.304556	
671	412	2	0.697180	1.768204	0.487817	1.735956	
689	412	1	1.531693	4.017649	
691	412	1	1.665938	3.836339	
692	412	1	1.215722	-2.763518	
693	412	1	1.369403	-2.648094	
694	412	1	1.336497	-2.572768	
695	412	3	1.519852	-2.308799	1.558245	-2.648093	1.456750	-2.751178	
696	412	1	1.248096	3.682017	
697	412	3	0.962307	-2.709177	1.036016	3.605240	0.902923	-2.564942	
698	412	2	1.277080	-2.572768	1.122946	-2.553770	
699	412	2	1.224814	-2.558781	1.646064	3.710417	
700	412	1	1.317194	-2.662793	
701	412	1	1.339063	-2.616840	
669	413	1	0.933144	1.626298	
670	413	1	0.821215	1.745461	
671	413	2	1.044149	1.670471	1.629140	1.871725	
692	413	2	1.177048	3.926999	1.108749	3.926981	
694	413	2	1.435342	4.307492	1.501032	3.835747	
695	413	3	1.201920	3.836334	1.475650	-2.414945	1.038061	-2.616851	
696	413	2	1.578241	-2.220133	1.064047	-2.616863	
697	413	2	1.422991	-2.689304	1.356336	-2.577501	
698	413	3	1.158008	3.883551	1.084219	3.802647	1.140955	-2.751166	
699	413	1	1.097395	-2.572768	
700	413	3	0.924433	-2.613504	1.549999	3.712929	1.218965	-2.558784	
701	413	1	0.953649	-2.553582	
702	413	1	1.300635	-2.703592	
694	414	1	1.134635	3.927001	
695	414	1	1.501032	3.835747	
696	414	2	1.405982	-2.506566	1.385477	3.729601	
697	414	1	1.248929	-2.506192	
698	414	2	1.086151	-2.395543	1.611025	-2.630550	
699	414	4	1.243246	3.729605	1.071445	3.141593	1.110128	-2.572768	1.299664	-2.625628	
700	414	2	2.290620	-2.662783	1.481361	-2.577502	
701	414	1	1.197656	-2.558771	
702	414	2	0.957767	-2.553593	1.310432	-2.572768	
703	414	1	1.626416	-2.395568	
738	414	1	1.417130	-2.319907	
669	415	2	2.494847	2.106608	1.034882	1.951324	
670	415	1	0.911578	1.849090	
693	415	1	1.712360	3.843846	
697	415	2	1.304018	-2.364308	1.326172	3.710417	
698	415	1	1.355804	-2.214738	
699	415	1	1.366135	-2.184411	
700	415	2	1.149163	3.874404	1.319816	-2.717285	
701	415	1	1.231101	3.700190	
702	415	4	1.931663	-2.589336	1.714406	3.873469	1.638834	-2.630538	1.257662	-2.572753	
703	415	3	1.511609	3.653985	1.175411	-2.680863	1.043651	-2.506201	
704	415	1	1.235313	-2.616851	
670	416	1	0.845744	1.815775	
694	416	1	1.595973	3.957282	
699	416	2	1.324449	-2.248865	1.282489	3.742519	
700	416	2	1.229676	3.926991	0.996297	-2.506213	
701	416	1	1.293300	-2.827924	
702	416	2	1.268334	3.850226	0.989901	3.648707	
703	416	1	1.000440	-2.506189	
704	416	3	1.360163	-2.703587	1.324468	-2.625628	1.370766	-2.668393	
705	416	2	0.957767	-2.553593	1.290628	-2.558784	
706	416	1	1.431954	3.386580	
669	417	1	0.694736	2.111220	
695	417	1	1.413144	4.083603	
699	417	1	1.480622	-2.227885	
700	417	1	1.405982	-2.506566	
703	417	1	1.225576	3.605240	
704	417	2	1.308013	3.850226	2.263487	-2.558780	
705	417	2	0.865855	-2.227895	1.536289	-2.609273	
706	417	2	1.017227	-2.356194	1.131372	-2.564953	
707	417	1	1.270575	-2.506191	
709	417	1	1.442755	3.444476	
731	417	1	1.397045	2.937807	
668	418	1	0.836849	2.408773	
699	418	1	1.086622	3.840254	
700	418	1	1.373350	-2.153207	
701	418	1	1.417789	3.776996	
702	418	1	1.099786	-2.432970	
704	418	2	1.002703	3.860409	1.566131	-2.656570	
705	418	2	0.994575	-2.506201	1.609352	3.880069	
706	418	2	1.531171	3.682017	0.965184	-2.506189	
707	418	2	1.510082	-2.115580	1.619625	-2.572757	
708	418	1	1.173666	-2.751166	
727	418	1	1.331179	2.919902	
702	419	1	1.253009	3.710418	
705	419	1	1.280349	3.605250	
706	419	2	1.101768	3.868240	1.156454	-2.558771	
707	419	1	1.525333	3.824574	
708	419	1	0.928717	-2.395533	
709	419	2	1.133857	-2.827956	1.447125	-2.308798	
710	419	1	1.170491	-2.630550	
711	419	1	1.202661	-2.680875	
716	419	1	1.286004	3.134191	
720	419	1	1.192477	3.059714	
723	419	1	1.331179	2.919902	
698	420	1	1.691013	3.926995	
701	420	1	1.278438	-2.153207	
704	420	1	1.252845	3.673906	
707	420	1	1.449896	3.729597	
708	420	2	1.048533	-2.703598	1.696421	-2.640514	
709	420	1	1.412327	-2.729643	
711	420	2	1.360638	-2.864963	1.273148	-2.763523	
712	420	1	1.220075	-2.827948	
713	420	1	1.278778	-2.784488	
714	420	1	1.294997	-2.703588	
702	421	2	1.045978	3.729597	1.302728	-2.153207	
706	421	1	1.396711	3.718243	
709	421	1	1.015397	-2.724867	
710	421	3	0.847009	-2.630549	1.449358	3.700220	1.490777	-2.295107	
714	421	1	1.430664	-3.025341	
715	421	1	1.189979	-3.000128	
716	421	1	1.364772	-2.784497	
717	421	2	1.278449	3.118199	1.238238	-2.864970	
720	421	1	1.420666	3.279562	
724	421	1	1.420666	3.279562	
668	422	1	0.642886	1.728213	
701	422	1	1.297323	-2.500216	
702	422	1	1.360865	-2.227885	
703	422	2	1.482340	-2.718886	1.353962	-2.184440	
704	422	1	1.085410	3.729603	
708	422	1	1.421655	3.776980	
710	422	1	0.966926	-2.792246	
711	422	1	1.193353	-2.792247	
712	422	1	1.067456	-2.827942	
713	422	1	1.277938	-2.791055	
716	422	2	1.206878	-3.094205	1.280996	-2.844072	
717	422	1	1.272881	-2.911093	
718	422	2	1.363764	-3.000142	1.320804	-2.804692	
719	422	1	1.314557	3.091256	
720	422	1	1.384493	-2.911080	
721	422	1	1.568343	-3.025342	
722	422	1	1.360693	-3.000142	
723	422	2	1.383805	4.847230	1.335719	-2.911087	
727	422	1	1.199256	3.472451	
666	423	1	0.651974	1.815777	
703	423	1	1.273730	-2.184447	
704	423	1	1.371569	-2.125696	
705	423	1	1.232493	-2.576999	
706	423	2	1.213610	3.848090	1.204340	-2.599212	
711	423	1	0.920609	-2.036557	
712	423	1	1.707260	-2.864963	
713	423	1	1.064449	-2.784497	
714	423	1	0.943172	-2.911095	
715	423	2	2.047278	-2.859188	1.707260	-2.864963	
716	423	1	1.498765	-2.760101	
717	423	1	1.152007	-3.000127	
718	423	1	1.091473	-3.000128	
722	423	1	1.490662	-3.094203	
723	423	1	1.362842	-3.000141	
724	423	1	1.245369	-3.000142	
725	423	1	1.334376	-2.827943	
726	423	1	1.288600	-2.942820	
727	423	1	1.527362	-2.439642	
730	423	1	1.490297	3.461219	
704	424	1	1.361746	-2.227918	
710	424	1	1.437392	3.777007	
712	424	1	1.439059	-2.279395	
715	424	1	2.063490	-2.993095	
716	424	1	2.502452	-2.942819	
717	424	2	1.219783	-3.000141	1.491344	3.666333	
718	424	1	1.469103	-3.094202	
719	424	1	1.054021	-3.094203	
720	424	2	1.373748	-2.898737	1.137131	2.991591	
721	424	2	1.434049	-3.025328	1.378567	-2.797652	
722	424	1	2.344010	-2.458614	
726	424	1	1.351643	-2.911073	
727	424	2	1.192236	-2.703586	1.231244	-2.784497	
728	424	2	1.407956	-2.439631	1.080002	-2.911088	
729	424	2	1.269989	-2.827924	1.181395	-2.827956	
732	424	1	1.132852	3.549593	
667	425	1	0.762094	1.494019	
703	425	1	1.269526	3.706187	
704	425	1	1.431522	-2.576996	
708	425	1	1.326334	-2.475301	
711	425	1	1.210173	3.705684	
712	425	1	0.885977	-2.218235	
713	425	1	1.334039	-2.319215	
717	425	1	1.858786	-2.616863	
719	425	1	1.438113	3.498698	
723	425	1	1.550723	-2.898744	
724	425	1	1.718923	1.927897	
725	425	1	1.608928	2.611077	
729	425	2	1.235612	-2.308776	0.701964	-2.703609	
730	425	2	0.888033	-2.969846	1.405367	-2.506190	
731	425	1	2.182770	-2.969830	
735	425	1	1.127180	3.549582	
706	426	2	1.201192	3.439946	1.379712	-2.153207	
710	426	1	0.330509	3.880869	
713	426	2	1.325462	3.661682	1.428770	3.777007	
715	426	1	1.291672	-2.292140	
722	426	1	1.507182	3.431425	
727	426	3	1.412876	-2.971780	1.204619	-1.327960	1.378567	-2.797652	
731	426	1	1.490458	-2.308804	
706	427	1	1.468814	-2.272455	
707	427	1	1.414257	-2.576987	
709	427	1	1.201192	3.439946	
712	427	1	1.239017	-2.447288	
713	427	1	1.051875	-2.090087	
715	427	1	1.275772	3.776994	
724	427	1	1.521561	3.635106	
730	427	1	1.261583	-2.625619	
731	427	1	1.412876	-2.971780	
707	428	1	1.567154	-2.101336	
712	428	1	1.320534	3.706195	
713	428	2	1.133382	3.606527	1.298746	3.384448	
716	428	1	1.060033	4.481103	
728	428	1	1.476755	3.478493	
708	429	1	1.603441	-2.261198	
711	429	1	1.227363	-2.742140	
714	429	3	1.083553	-2.524417	1.239017	-2.447288	1.222254	-2.113346	
717	429	1	1.291672	-2.292140	
726	429	1	1.013239	-1.638924	
733	429	1	1.367270	-2.537010	
708	430	1	1.224618	-1.965790	
714	430	1	1.390539	-2.350196	
715	430	3	1.133382	3.606527	1.320534	3.706195	1.006209	-2.137145	
716	430	2	1.137644	-2.069892	1.318214	3.586758	
718	430	1	1.259180	3.880074	
719	430	1	1.658180	-2.439624	
722	430	1	1.236662	4.736576	
731	430	1	1.340091	3.532008	
136	431	1	1.019165	-2.002634	
137	431	1	1.131316	-1.952318	
709	431	1	1.256185	-2.184409	
717	431	1	1.060033	4.481103	
720	431	1	1.351275	3.776996	
726	431	1	1.284703	-1.616936	
137	432	1	1.205966	-2.068236	
138	432	1	1.054791	-2.016332	
141	432	2	0.928323	-1.848693	1.126849	-1.607848	
142	432	2	1.045432	-2.268893	1.098855	-1.768219	
715	432	1	1.328709	-2.130879	
717	432	2	1.290344	4.027941	1.200612	3.630089	
137	433	1	1.420472	-2.185751	
138	433	3	1.236204	-1.985094	1.062569	4.079421	1.254543	-2.193552	
139	433	2	1.068527	-1.882014	0.928796	3.370793	
141	433	3	1.024787	-2.371970	1.157490	-2.126985	1.105096	-1.805238	
142	433	1	1.244592	-2.620938	
716	433	1	1.420414	-2.097475	
720	433	1	1.024322	4.456700	
721	433	1	1.361840	4.021966	
722	433	1	1.236662	4.736576	
135	434	1	2.299523	-1.404008	
136	434	2	0.513008	4.941590	1.349742	-1.209039	
137	434	2	0.982275	5.971986	1.383292	-2.563628	
138	434	1	1.276316	-2.126991	
139	434	3	1.239530	-2.079407	0.901738	3.911224	0.808454	3.958791	
140	434	2	1.436280	-2.060421	0.803959	3.834431	
141	434	1	1.281018	-1.970388	
142	434	2	1.293259	-2.714997	1.218785	-2.016337	
143	434	1	1.311383	-3.003045	
144	434	1	1.359189	-2.912388	
145	434	1	1.418087	-2.812722	
150	434	1	1.563098	2.830380	
151	434	1	1.380483	2.863700	
152	434	1	1.246986	2.907150	
153	434	1	1.273843	3.104541	
718	434	1	1.069440	-2.069892	
135	435	2	1.219382	-2.301665	1.246693	-2.251350	
136	435	2	1.914618	-2.126996	0.000000	3.141593	
137	435	1	0.963717	-0.753586	
139	435	3	1.170742	-2.079407	0.960588	4.353592	1.270201	-2.068231	
140	435	4	1.712336	-2.237644	1.225427	-2.060419	1.270592	4.014303	0.951328	3.692571	
141	435	3	0.990906	4.696623	0.883555	3.370797	1.568013	-2.083534	
142	435	3	1.280318	-2.074408	0.904334	3.637041	1.666004	-2.002634	
143	435	1	1.419142	-2.027323	
145	435	1	1.716600	-3.109777	
146	435	2	1.981548	-2.912388	1.051838	3.022025	
147	435	2	1.533450	2.907165	1.231256	2.907153	
148	435	2	1.123026	3.049008	1.272573	2.990288	
149	435	1	1.341675	2.782783	
150	435	1	1.360498	2.782800	
717	435	2	1.130011	4.417662	1.360792	-2.077642	
719	435	1	1.294030	4.132817	
722	435	1	1.399057	4.382520	
726	435	1	1.159059	-1.386691	
134	436	3	0.892264	-2.714984	1.107746	-2.590635	1.364230	-2.715000	
135	436	7	1.877127	-2.448740	2.315273	-2.371970	1.347611	-2.485762	0.992475	2.944169	1.406419	-2.413045	1.661318	-2.563628	1.266487	-2.590645	
136	436	6	1.255691	-2.060419	0.923236	3.125814	1.003394	-2.418449	1.604082	-2.448740	1.498939	-2.413045	1.055766	-2.193557	
137	436	1	0.896013	3.110193	
138	436	1	0.860153	-3.092250	
139	436	1	1.120163	-2.448740	
140	436	4	1.318116	-2.126985	0.999469	3.834457	0.741243	-2.448739	0.940548	3.958796	
141	436	4	1.782807	-2.074408	1.039911	3.958806	0.880249	-2.193559	1.102222	4.298099	
142	436	2	0.871842	3.662260	1.593101	-2.126988	
143	436	3	1.409169	-2.027319	1.054698	4.477948	0.910940	3.550648	
144	436	1	0.997800	3.271132	
145	436	1	1.120941	3.271131	
146	436	1	1.239003	3.280127	
147	436	1	1.085693	2.990288	
718	436	2	1.371693	-1.818614	1.671848	4.488596	
719	436	2	1.079113	-1.933482	1.106983	-2.123851	
721	436	2	1.252176	4.850359	1.024322	4.456700	
723	436	1	0.996768	3.991046	
134	437	1	0.966966	-3.012053	
135	437	1	1.020387	-2.859806	
136	437	3	1.411891	-2.413041	1.417555	-2.268893	1.022848	-2.405291	
137	437	6	1.518009	-2.448740	1.247344	-2.448744	0.997258	-2.251341	1.743282	-2.251350	1.568585	-2.268893	1.149201	-2.384309	
139	437	2	1.023473	3.615799	1.244296	-2.413041	
140	437	2	1.306140	3.692582	1.416816	-2.251342	
141	437	3	1.332338	-2.193566	1.257023	3.958796	0.940548	3.958796	
142	437	4	1.554254	-2.126996	1.117472	3.877895	1.002058	-1.929596	1.322619	4.696604	
143	437	3	1.288103	-2.126990	1.221766	4.156195	1.421734	-2.074409	
719	437	2	1.092884	4.027929	1.001759	-1.944245	
720	437	1	1.047305	3.754448	
137	438	5	1.405542	-2.193557	1.300077	-2.185751	1.038388	-2.126991	1.350688	-2.324384	1.295137	-2.620926	
138	438	6	1.483097	-2.283598	1.461627	-2.237650	1.960913	3.049010	1.198129	-2.345656	1.624191	-2.405290	1.213724	-2.399999	
139	438	2	1.493880	3.958791	1.783325	4.353593	
140	438	1	1.406356	4.156207	
141	438	3	1.654860	4.619849	1.320383	-2.193566	1.335392	-2.193566	
142	438	4	1.519308	-2.251345	1.076874	-1.985094	0.972113	4.014293	1.243735	4.561085	
143	438	3	1.325311	3.981521	1.203902	-2.068237	1.577434	-1.985087	
144	438	2	1.431840	-2.079412	1.183972	4.222766	
719	438	1	1.360792	-2.077642	
720	438	3	0.847137	3.903597	1.351666	4.367253	1.079113	-1.933482	
726	438	1	1.057331	-1.493087	
138	439	6	1.430588	-2.324389	1.427566	-2.193559	0.974197	-2.371960	1.542856	-2.448740	1.570902	-2.268893	1.220893	-2.393240	
139	439	6	1.815187	-2.237656	1.464376	-2.531879	1.081232	3.692544	1.583326	-2.553613	1.520793	-2.371974	1.191247	-2.324389	
140	439	2	1.744220	4.156195	1.811978	4.156195	
141	439	1	1.138781	3.751317	
142	439	5	1.570896	3.692528	1.515130	-2.185744	1.057481	4.084886	1.180407	4.401171	1.405557	-2.193565	
143	439	4	1.671727	-2.126985	1.453592	4.045541	1.285190	-2.126992	1.158502	4.222759	
144	439	3	1.504624	-2.126988	1.397637	4.298091	1.487139	-2.079412	
145	439	1	1.717419	-2.068231	
720	439	1	1.001759	-1.944245	
721	439	2	1.286785	4.218587	0.765046	-1.601427	
139	440	4	1.442512	-2.301656	1.011225	-2.126991	1.482590	-2.268893	1.419398	-2.283598	
140	440	6	1.408790	-2.301656	1.530560	-2.193551	1.440379	3.981529	1.739815	-2.590635	1.496912	-2.448740	1.342598	-2.268884	
141	440	2	1.657259	4.097441	1.226963	-2.126989	
142	440	3	1.207164	3.834445	1.777763	3.889946	1.271999	-2.126991	
143	440	6	1.547889	4.014292	1.419657	-2.126985	1.457362	-2.193560	1.154809	4.208777	1.217593	4.280551	1.158371	-2.193560	
144	440	5	1.739861	-2.237648	1.550842	4.089634	1.292657	-2.324379	1.593008	4.280545	1.523744	-2.193566	
145	440	2	1.387048	-1.985087	1.571103	4.280551	
721	440	1	1.330347	4.762545	
722	440	1	1.060209	4.539833	
726	440	1	1.057331	-1.493087	
140	441	3	1.333466	-2.251350	1.465235	-2.060426	1.492982	-2.185744	
141	441	6	1.578139	-2.268893	1.344230	-2.193560	1.804346	4.156186	1.534320	3.958796	1.461666	-2.268893	1.327079	-2.371970	
142	441	1	1.097000	-2.251350	
143	441	6	1.360053	3.981515	1.501985	-2.371970	0.890824	3.958791	1.046392	4.266849	1.207259	4.214949	1.272558	-2.060427	
144	441	4	1.673168	-2.237644	1.435569	4.103608	1.533394	-2.301656	1.319806	4.222765	
145	441	3	1.391029	4.208778	1.396178	4.255862	1.538996	-2.126989	
146	441	1	1.343183	-1.805244	
721	441	2	1.084056	4.420269	0.718865	-2.009604	
140	442	1	1.489857	-2.413036	
141	442	5	1.649636	-2.193566	1.625460	-2.185751	1.952766	-2.613889	1.593652	-2.193566	1.654121	-2.448740	
142	442	7	1.675352	-2.193560	1.769925	-2.126991	1.434981	4.156193	1.444399	4.045535	1.122635	-2.371970	1.650670	-2.268884	1.414726	-2.268893	
143	442	2	1.485516	-2.179578	1.239121	-2.268893	
144	442	6	1.284192	4.045537	1.572369	-2.301670	1.625439	4.045531	1.157174	4.156196	1.444199	4.222765	1.427261	-2.060419	
145	442	4	1.506215	-2.193560	1.406162	4.222758	1.550545	-2.268894	1.244716	4.280551	
146	442	4	1.469247	-1.708771	1.408266	4.089628	1.419802	4.298091	1.533249	-2.174575	
171	442	1	1.192013	3.958791	
172	442	1	1.781168	4.353580	
720	442	2	0.905050	-1.626440	1.515534	4.861602	
721	442	1	1.185577	4.615944	
141	443	2	1.541154	-2.251342	1.498902	-2.268893	
142	443	6	1.525742	-2.268877	1.644866	-2.060427	1.332960	4.222766	1.478420	-2.405291	1.464521	-2.193566	1.255354	-2.448739	
143	443	4	1.338237	4.156195	1.382632	3.870140	1.508056	-2.185747	1.202189	-2.185739	
144	443	5	1.564058	3.834445	1.237921	-2.301665	1.121424	4.208778	1.441013	-2.268893	1.644785	-2.126993	
145	443	5	1.488873	4.031844	1.512275	-2.301656	1.252078	4.014291	1.469448	-2.324389	1.269919	4.222766	
146	443	5	1.613756	-2.185751	1.349668	4.103614	1.484579	-2.324389	1.270056	4.214954	1.525631	-2.268884	
147	443	1	1.322620	-1.663344	
172	443	1	1.188178	3.958821	
720	443	1	1.371693	-1.818614	
722	443	1	0.718865	-2.009604	
724	443	1	1.184767	-1.006203	
142	444	1	1.671885	-2.324389	
143	444	4	1.620565	-2.193560	1.458301	-2.301665	1.515389	4.214948	1.383073	-2.413045	
144	444	3	1.261685	-2.301665	1.760714	-2.268893	1.399078	-2.268894	
145	444	7	1.275673	4.156189	1.461406	-2.371970	1.437842	4.097434	1.427843	3.692540	1.068652	4.045530	1.318099	4.089625	1.332507	-2.060426	
146	444	6	1.142570	4.031843	1.529767	-2.301665	1.452770	4.103614	1.366515	-2.324389	1.092556	3.662257	1.320844	4.089628	
147	444	6	1.475772	-1.684614	1.510863	-2.251341	1.452707	4.208777	1.320258	-2.324379	1.320778	4.208777	1.489681	-2.126989	
173	444	1	1.678258	4.014292	
174	444	1	1.900364	3.568201	
720	444	1	1.172090	4.702691	
721	444	2	1.262934	4.624146	1.158128	-1.791590	
722	444	2	1.387948	4.712706	0.996744	3.934292	
143	445	2	1.618801	-2.251341	1.525924	-2.193560	
144	445	5	1.447038	-2.324388	1.756956	-2.126991	1.424740	4.097441	1.503398	-2.324383	1.238277	-2.268877	
145	445	4	1.869883	-2.485762	1.344028	-2.002634	1.591801	-2.193560	1.138169	-2.268893	
146	445	6	1.076067	4.089626	1.256582	4.031842	1.389477	3.834446	1.004745	4.097441	1.249218	4.156193	1.403651	-2.068232	
147	445	9	1.236805	4.014308	1.569283	-1.805239	1.375385	-2.324383	1.575479	-2.345655	1.394470	3.911221	1.583966	4.156195	1.297084	-2.193566	1.292526	3.765588	1.519341	4.156188	
148	445	2	1.190165	-2.324389	1.393741	-2.016332	
175	445	1	2.009318	3.958797	
176	445	1	2.104763	3.719558	
720	445	1	1.402179	-1.710689	
721	445	1	1.183860	4.813331	
143	446	1	1.769945	-2.251349	
144	446	4	1.418671	-2.283598	1.870158	-2.126991	1.266856	4.222759	1.781422	-2.126985	
145	446	3	1.651454	-2.324389	1.775133	-2.193565	1.330097	-2.193552	
146	446	4	1.382927	-2.507498	1.604317	-2.179576	1.740367	-2.126985	1.298555	-2.193565	
147	446	5	1.173734	3.981528	1.872669	-1.768219	1.354535	3.751307	0.966602	4.156200	1.248209	4.156200	
148	446	7	1.444488	3.911210	1.388639	-2.324390	1.551788	-2.237648	1.575368	4.097441	1.276069	-2.324389	1.453123	3.958797	1.202759	-2.050217	
149	446	1	1.141655	-2.251345	
150	446	1	1.202714	1.073361	
176	446	1	2.415798	3.834446	
177	446	1	2.307427	3.765588	
144	447	1	1.797219	-2.268893	
145	447	4	1.656372	-2.268877	1.511758	-2.185740	1.421167	4.222766	1.896284	-2.126985	
146	447	4	1.534883	-2.324389	1.569541	-2.268893	1.592966	-2.268893	1.224934	-2.126996	
147	447	7	1.394887	-1.869670	1.065018	-2.251350	1.092190	4.103610	1.519151	4.156200	1.315048	-2.060427	1.476343	-2.060426	1.277578	-2.126998	
148	447	5	1.240808	3.937521	1.514432	4.045536	1.447753	4.222759	1.170000	3.911216	1.591420	4.103614	
149	447	6	1.449113	-2.324389	1.378599	-2.371969	1.050250	-2.371969	1.110671	3.834446	1.536303	4.108611	1.227827	-2.079407	
150	447	2	1.345534	0.962015	1.124293	-2.324385	
720	447	1	1.381821	-1.572915	
721	447	2	1.418416	4.710271	1.647590	-1.378137	
722	447	2	1.123134	4.744486	1.031432	4.600993	
145	448	3	1.508587	-2.193551	1.415476	4.203774	1.340856	-2.324389	
146	448	4	1.551666	-2.324389	1.287367	-2.193566	1.527436	4.089628	1.343075	-2.324383	
147	448	5	1.466397	-2.324388	1.931441	-1.882020	1.132886	-2.283598	1.512428	-2.126998	1.262411	-2.126999	
148	448	4	1.199732	4.156196	0.442169	-1.663329	1.059634	4.103614	1.340910	-2.185744	
149	448	4	1.097455	4.156201	1.431941	4.353595	1.611391	4.045542	1.198606	-2.126993	
150	448	6	1.385429	0.948033	1.307569	-2.448754	1.757685	-2.126989	1.195580	-2.413045	1.232407	3.864737	1.438166	4.156195	
151	448	2	2.061074	1.555019	1.157179	-2.371969	
721	448	1	1.269648	-1.901153	
146	449	3	1.284328	-2.268878	1.588629	4.103614	1.266442	-2.193560	
147	449	4	1.476704	-2.405291	1.309618	-2.185751	1.405957	4.089635	1.644419	-2.060419	
148	449	7	1.208394	-2.413044	2.529802	4.744204	1.024119	-1.929592	1.014125	4.156193	1.377119	-2.268893	1.547985	-2.060419	1.225469	-2.193551	
149	449	5	1.095057	4.097441	1.459701	3.981521	1.406445	4.222766	0.913207	4.156200	1.316871	4.031836	
150	449	3	1.176352	4.045542	1.347398	4.031844	1.845750	4.477938	
151	449	5	2.275105	1.625326	1.583313	-2.237644	0.990814	-2.324390	1.182967	3.981520	1.574922	3.981520	
152	449	1	2.973044	1.799996	
146	450	1	1.482026	-2.251349	
147	450	3	1.318299	-2.193556	1.329600	4.156195	1.299103	-2.371970	
148	450	7	1.193715	-2.324362	1.017122	-2.324408	1.274084	3.481450	1.307669	-1.805242	1.299633	-1.483496	1.422013	-1.929607	1.602295	-2.268872	
149	450	4	1.309038	-2.590644	0.858076	4.222758	2.554727	-1.929592	1.191052	-2.324408	
150	450	5	0.958773	4.089620	1.200096	4.089626	1.594779	4.097434	1.520049	4.156195	1.127616	-2.126985	
151	450	6	1.106092	4.097441	1.601761	-2.126991	1.513000	-2.301665	1.344950	3.877894	1.233574	3.834455	1.404999	-2.127013	
152	450	3	1.159679	-2.203765	1.121861	3.911216	1.479175	3.834446	
721	450	2	1.102258	4.674704	1.235792	4.834612	
147	451	2	1.420783	4.156194	1.070289	-2.126994	
148	451	4	1.378817	-2.324394	1.497386	4.156186	1.752979	-2.126994	1.704763	-2.324392	
149	451	5	1.434033	-1.929607	1.450342	-2.203765	1.479379	-2.016336	1.786685	-2.324394	0.915404	-2.324394	
150	451	5	1.446399	-2.714971	1.307008	4.374863	0.799635	4.045534	1.350388	4.156200	0.936635	-2.126998	
151	451	5	1.009664	4.156196	1.137252	4.014300	0.694430	4.031844	1.275274	3.958796	1.170337	-2.126980	
152	451	4	1.462659	3.470464	1.185229	-2.126995	1.310921	3.999592	0.438620	4.156195	
153	451	2	1.164925	3.981529	1.033092	3.958802	
720	451	1	1.358609	4.784779	
721	451	1	0.659178	5.118919	
148	452	3	1.194664	-2.324408	1.528858	4.031841	1.079028	-2.126980	
149	452	4	1.775425	-2.448717	1.475162	3.958803	1.559028	-2.324364	1.264471	-1.929607	
150	452	1	1.582449	-1.985099	
151	452	4	0.933522	4.089633	2.040569	3.631402	1.339349	4.298091	1.342887	3.981529	
152	452	4	0.888877	4.045542	1.077681	4.056524	1.199826	3.877895	0.665753	3.981529	
153	452	3	0.837651	3.958796	0.984054	4.031835	1.294871	3.958806	
154	452	1	0.936698	4.156200	
720	452	1	0.943379	4.840364	
149	453	1	1.350419	4.045535	
150	453	1	1.143012	4.031844	
151	453	2	1.397652	4.031843	0.616208	4.156198	
152	453	4	0.908213	4.156195	0.775959	4.208777	1.337979	4.156196	1.804739	4.103610	
153	453	3	0.727725	4.089626	1.548152	4.089626	0.633118	4.014299	
154	453	1	0.871315	4.014293	
720	453	1	0.971126	4.813336	
721	453	1	1.424842	4.748923	
150	454	1	1.055131	4.089620	
151	454	1	0.899294	3.751306	
152	454	2	0.917307	4.222759	0.838780	4.156193	
150	455	1	0.808513	4.031844	