742
605	355	1	4.204223	1.754236	
606	355	2	1.346321	1.167895	1.680520	1.527199	
607	355	1	3.150874	1.527198	
609	355	1	3.833594	1.692494	
605	356	1	7.186035	1.793725	
606	356	1	7.377479	1.876385	
607	356	1	7.186170	1.793808	
609	356	1	5.081046	1.651789	
605	357	2	3.833509	1.692657	3.833557	1.692577	
606	357	1	7.377295	1.876306	
609	357	1	6.301932	1.527150	
605	358	3	7.186035	1.793725	5.197052	1.772337	5.810713	1.746165	
606	358	2	6.333571	1.627057	7.562439	1.527159	
605	359	2	4.411382	1.527200	3.781213	1.527199	
606	359	1	8.216861	1.450208	
609	359	1	5.706870	1.416282	
604	360	1	1.890613	1.527119	
605	360	3	5.197178	1.281825	4.411382	1.527200	6.960947	1.436415	
606	360	1	7.972694	1.204946	
609	360	1	5.385192	1.168011	
605	361	3	6.305323	0.882971	5.706857	1.638012	7.666872	1.361776	
606	361	2	7.696070	0.915800	8.216874	1.450356	
609	361	1	6.208287	1.108400	
382	362	1	2.093870	0.018706	
383	362	1	3.937433	0.055911	
384	362	1	6.378422	0.141470	
385	362	1	4.467943	0.222240	
391	362	1	5.541217	2.956256	
392	362	1	5.485570	3.097963	
393	362	1	4.467910	0.222207	
394	362	1	4.466902	0.222294	
604	362	1	5.671739	1.527200	
606	362	1	6.307054	0.599243	
607	362	1	9.810363	0.741072	
610	362	1	5.947541	0.967950	
665	362	1	0.198529	2.236393	
386	363	1	4.309822	3.097960	
387	363	2	1.676372	0.098053	5.108833	0.033010	
388	363	2	3.318281	3.097942	4.719091	0.039395	
389	363	3	5.236786	0.046930	5.499635	3.026753	2.853351	3.013488	
390	363	3	5.405191	0.222271	3.917909	3.097959	6.932216	3.124136	
392	363	1	6.333348	0.082226	
393	363	1	5.196783	0.227517	
394	363	1	7.971520	0.304297	
395	363	1	6.082416	0.216633	
396	363	2	7.224751	0.174749	6.333348	0.082226	
398	363	1	5.609830	0.167187	
399	363	1	4.309821	3.097962	
400	363	1	4.766476	0.121305	
401	363	2	5.236619	0.046902	6.333347	0.082225	
402	363	2	4.765135	0.055906	7.666788	0.147694	
403	363	1	5.864677	0.200988	
404	363	3	4.292885	0.066872	4.718125	3.014933	7.588532	0.065679	
405	363	2	5.300569	0.136006	5.877483	3.097963	
406	363	2	5.485577	3.097935	8.216817	0.059329	
407	363	1	4.311041	3.097972	
408	363	1	4.327581	0.046912	
409	363	1	4.766466	0.121305	
410	363	1	6.378423	0.141472	
412	363	1	5.877639	3.097939	
414	363	1	5.610885	0.167156	
605	363	1	6.960957	1.436415	
606	363	1	8.912650	1.669261	
607	363	1	6.587698	0.247461	
609	363	1	5.985885	0.277716	
610	363	2	6.304747	0.883084	5.643253	0.419423	
664	363	1	2.852404	2.254494	
665	363	1	3.700141	2.222595	
391	364	1	7.174989	0.088735	
393	364	1	4.835276	0.153464	
394	364	1	8.115214	0.073322	
396	364	1	5.689922	3.097974	
397	364	2	4.740697	3.097933	7.045838	0.162400	
398	364	2	5.768114	2.933058	6.302070	3.124134	
399	364	2	5.405365	2.832054	9.368644	2.781107	
400	364	1	5.548533	2.749621	
401	364	1	5.153463	0.108819	
402	364	1	4.702964	3.097972	
403	364	1	4.327528	3.007414	
406	364	1	5.300548	0.135978	
407	364	2	4.765126	0.055874	6.333347	0.082225	
408	364	2	4.293045	0.066907	7.562492	3.124140	
409	364	1	3.822369	0.080566	
410	364	2	4.497981	0.277657	10.102831	0.044963	
411	364	2	1.911231	2.973786	6.672768	3.039289	
412	364	2	0.129114	0.095465	9.474013	0.049111	
413	364	1	3.155243	3.097958	
414	364	2	3.442146	3.097958	6.932206	3.124136	
415	364	3	4.015812	3.097959	5.227246	0.182876	6.426706	0.179943	
416	364	3	4.589488	3.097960	5.328652	0.254502	7.666780	0.147696	
417	364	2	5.736811	3.097957	2.296883	0.234320	
418	364	3	6.336468	0.046903	4.593732	0.234289	8.288989	0.135198	
419	364	1	5.194872	0.066873	
420	364	1	5.737570	3.097963	
421	364	1	5.765386	0.055900	
422	364	2	6.540447	0.222269	11.359230	3.097961	
424	364	1	9.465650	3.097958	
426	364	1	9.549898	0.088730	
428	364	1	7.805040	0.201035	
605	364	1	6.333520	1.626913	
606	364	2	7.562279	1.527158	6.333561	1.427295	
609	364	1	10.265002	0.784578	
611	364	2	6.305323	0.882971	6.587363	0.247452	
612	364	1	5.817973	0.174746	
613	364	1	5.817680	0.174756	
664	364	1	3.350450	2.313286	
419	365	1	7.572520	3.097953	
420	365	2	8.228248	3.021303	9.536526	0.115105	
422	365	1	13.878715	0.027962	
424	365	2	6.713720	0.304723	11.413376	0.093212	
425	365	1	5.288824	0.174745	
426	365	1	5.988841	0.247445	
427	365	2	7.255529	0.277710	15.242495	0.106897	
430	365	2	9.187351	0.234307	10.102831	0.044963	
431	365	1	7.805048	0.201034	
432	365	1	8.192618	3.124141	
433	365	2	7.677550	0.121274	9.536720	2.991590	
435	365	1	3.833266	2.958982	
436	365	1	3.213354	0.179945	
437	365	1	3.393835	0.363065	
447	365	1	8.216687	3.047357	
449	365	1	8.288991	0.135199	
450	365	1	10.258999	0.167892	
465	365	1	8.912355	2.982242	
467	365	1	8.822913	3.124142	
469	365	1	11.343576	3.124146	
471	365	1	7.666630	0.147698	
472	365	1	7.795185	0.227516	
474	365	1	7.666632	0.147699	
604	365	1	5.080896	1.651790	
610	365	1	9.810363	0.741072	
612	365	1	6.242956	0.741070	
614	365	1	6.970550	0.046884	
616	365	1	5.985882	0.277714	
617	365	1	5.390811	0.314715	
618	365	1	5.642974	0.419447	
662	365	1	4.497856	2.776658	
663	365	2	4.738874	2.455125	4.371572	2.879612	
664	365	1	4.794354	2.949275	
665	365	1	8.651846	2.933032	
666	365	1	0.455360	2.933032	
667	365	1	0.685047	2.658618	
429	366	1	6.714543	0.304661	
430	366	1	5.850037	0.153502	
431	366	1	5.988841	0.247445	
435	366	1	7.805038	0.201034	
436	366	1	7.193916	0.222290	
437	366	2	10.175515	0.080553	5.706693	0.093212	
438	366	1	6.960777	0.073194	
440	366	2	12.637117	0.006255	4.411370	3.124160	
441	366	2	5.736810	3.097959	7.588583	3.040985	
442	366	3	5.736811	3.097957	9.466250	3.097960	8.216822	3.047377	
443	366	1	6.884153	3.097958	
444	366	3	6.336549	3.007422	8.834861	3.097953	6.932216	3.124137	
445	366	1	8.912355	2.982242	
446	366	2	6.908843	3.014923	10.116669	0.018703	
447	366	1	5.194872	0.066902	
448	366	2	8.051922	0.027577	10.097037	3.097966	
450	366	2	7.479821	0.033034	8.924252	0.098060	
451	366	1	6.177707	0.336396	
452	366	3	5.850037	0.153502	6.970407	0.046908	8.571631	0.281050	
453	366	1	6.310477	3.097958	
454	366	2	10.175367	0.080555	6.960789	0.073217	
455	366	1	6.932206	3.124137	
457	366	1	10.083168	3.124128	
459	366	1	10.878857	2.949476	
460	366	1	8.052002	3.026748	
461	366	1	11.413435	3.013474	
462	366	2	6.413744	2.918346	6.941731	3.097946	
463	366	3	5.736811	3.097957	10.097048	3.097965	9.536562	2.991588	
464	366	1	7.802828	0.254456	
465	366	1	9.379969	0.298954	
466	366	1	6.713675	0.304702	
473	366	1	7.457148	2.703698	
475	366	2	6.310487	3.097958	7.666788	0.147694	
476	366	1	6.336458	0.046903	
477	366	2	7.095554	0.201023	7.795029	0.227521	
478	366	1	7.614808	0.409162	
479	366	1	4.625137	0.080552	
480	366	1	5.850208	0.153523	
481	366	1	4.056363	0.098075	
482	366	1	5.766144	0.055891	
483	366	1	5.288824	0.174745	
499	366	1	6.970400	0.046885	
501	366	1	6.970397	0.046907	
502	366	2	6.970407	0.046908	6.333335	0.082201	
503	366	1	7.666779	0.147695	
504	366	1	6.970400	0.046885	
505	366	1	7.598829	0.039407	
604	366	1	5.080823	1.651611	
606	366	2	6.427002	1.724727	8.289151	1.680027	
612	366	1	10.702698	0.741037	
613	366	1	6.490320	1.019487	
619	366	1	5.951030	0.514375	
620	366	1	7.699934	0.566402	
633	366	1	5.864517	2.853335	
634	366	1	5.689019	3.097940	
635	366	1	5.237688	0.046893	
636	366	1	5.300716	0.136001	
637	366	1	4.764218	0.055887	
638	366	1	5.237687	0.046891	
639	366	1	5.215235	3.097955	
641	366	2	5.708773	0.039409	13.309725	3.026742	
642	366	1	5.689922	3.097974	
643	366	1	5.300614	2.918344	
644	366	2	5.689009	3.097940	6.654547	3.026760	
645	366	2	3.822315	2.973779	6.704597	0.098087	
646	366	1	5.236778	0.046899	
647	366	2	5.237688	0.046893	11.544402	0.290657	
648	366	1	5.236778	0.046899	
649	366	1	3.822505	0.080521	
650	366	1	3.909305	0.201039	
651	366	1	4.741450	3.097974	
652	366	1	3.822505	0.080521	
653	366	1	2.854391	0.039409	
654	366	1	3.792978	3.097969	
655	366	1	4.835268	0.153466	
656	366	1	4.764040	2.998382	
657	366	1	3.352973	2.956319	
658	366	1	4.266763	3.097949	
659	366	1	3.822303	2.973781	
660	366	1	2.185786	2.879612	
661	366	2	3.820925	2.579346	5.938871	2.599154	
662	366	1	4.948769	2.806846	
663	366	1	5.767401	2.933006	
664	366	1	3.610308	2.693634	
665	366	1	8.905605	2.658618	
432	367	1	5.850208	0.153523	
433	367	1	6.177569	0.336405	
435	367	1	6.310477	3.097958	
436	367	1	5.765475	2.998427	
437	367	1	6.336390	3.007419	
438	367	1	6.414495	2.918373	
439	367	1	6.336549	3.007422	
453	367	1	6.908130	0.039394	
455	367	1	6.908739	0.039389	
456	367	2	6.310487	3.097958	12.637267	0.006255	
457	367	1	6.310477	3.097958	
459	367	2	6.413744	2.918346	6.969648	0.046912	
460	367	1	8.300342	2.945531	
467	367	2	7.653397	0.182865	6.795221	0.336401	
468	367	2	6.978932	0.121314	6.435695	0.153504	
469	367	1	6.310476	3.097959	
470	367	1	5.765465	2.998427	
471	367	2	7.457808	3.097959	5.986026	0.277708	
472	367	2	6.177663	2.717898	2.231098	0.098060	
473	367	1	3.217609	0.153492	
480	367	1	7.971370	0.304305	
481	367	1	7.666790	0.147696	
484	367	1	5.765375	0.055899	
486	367	1	5.288834	0.174745	
487	367	1	5.053359	0.234280	
488	367	1	5.968899	0.575956	
494	367	1	9.187378	2.820020	
496	367	1	8.300352	2.945532	
497	367	2	9.549080	2.965584	8.571676	2.825657	
499	367	1	7.795149	2.879147	
500	367	1	8.216832	3.047377	
505	367	1	7.795072	0.227539	
506	367	2	8.227449	0.033037	6.302070	3.124136	
508	367	2	8.300423	0.108804	6.301920	3.124134	
510	367	2	8.300274	0.108806	8.288991	0.135199	
511	367	2	7.598824	0.039387	7.666610	0.147679	
513	367	2	10.801425	0.073326	7.666779	0.147695	
514	367	1	10.259001	0.167893	
515	367	1	9.466399	3.097961	
517	367	1	8.834712	3.097951	
519	367	1	7.194934	2.832068	
520	367	1	8.857130	0.027586	
522	367	1	10.272606	0.141464	
524	367	1	8.788433	0.323079	
526	367	1	8.787513	0.323096	
529	367	1	4.165047	3.097947	
530	367	1	3.471012	3.097969	
531	367	1	3.292180	0.277707	
532	367	1	4.389978	0.277693	
575	367	1	6.206618	2.705918	
577	367	1	7.045888	2.944283	
578	367	1	5.671645	3.124131	
579	367	1	3.151109	3.124157	
580	367	1	7.045840	0.162401	
581	367	1	7.666779	0.147695	
583	367	1	7.588382	0.065680	
584	367	1	5.080886	0.106905	
585	367	1	6.333656	0.082221	
586	367	1	5.706534	0.093214	
604	367	1	4.411392	1.527200	
605	367	1	6.788997	1.908185	
606	367	1	14.549418	1.614018	
614	367	1	6.307898	0.599181	
615	367	1	5.085862	0.474918	
621	367	1	8.484793	0.688525	
623	367	1	4.741450	3.097972	
624	367	1	5.236779	0.046901	
625	367	1	5.864814	0.200983	
629	367	1	3.822610	2.973792	
630	367	1	5.300614	2.918344	
631	367	1	5.405212	2.832045	
632	367	1	6.358936	2.634815	
638	367	2	7.126908	3.031473	9.155601	2.727544	
639	367	2	8.547747	3.042553	9.057950	2.993227	
641	367	1	7.128016	0.022820	
643	367	1	6.235021	0.108850	
644	367	1	6.638700	3.097954	
645	367	1	6.637485	3.097969	
646	367	1	8.059731	3.097959	
648	367	1	6.788645	0.167151	
649	367	2	7.818904	0.201031	7.495174	0.277740	
650	367	1	10.652733	0.319893	
651	367	1	11.992982	0.277701	
659	367	1	5.298877	2.634816	
660	367	2	5.728320	2.671917	4.497856	2.776658	
661	367	1	6.162008	2.703640	
662	367	1	5.996780	2.776628	
472	368	1	1.904839	0.066857	
473	368	1	6.311096	3.097962	
475	368	1	6.969638	0.046913	
476	368	1	5.817826	0.174750	
477	368	1	5.203803	0.201007	
478	368	1	5.817801	0.174727	
479	368	1	5.087311	0.080589	
480	368	1	6.311093	3.097938	
482	368	1	6.969798	0.046911	
483	368	2	5.048903	3.097969	7.666630	0.147698	
484	368	2	6.310327	3.097957	6.960789	0.073217	
485	368	1	6.970407	0.046907	
486	368	1	1.837303	0.522979	
487	368	2	9.486575	0.022843	5.671792	3.124158	
488	368	2	7.055327	0.135979	8.216846	3.047359	
489	368	1	4.221853	0.121303	
490	368	3	5.053357	0.234278	7.599481	3.014939	7.588558	3.041005	
491	368	3	6.285414	0.066884	7.194068	2.832029	9.453042	3.124126	
492	368	1	4.859514	3.097963	
493	368	3	4.165196	3.097948	7.194649	2.832055	6.932203	3.124159	
494	368	2	6.941414	3.097967	7.588582	3.040987	
495	368	1	6.247857	3.097959	
496	368	1	6.426762	2.926735	
497	368	1	5.552922	3.097971	
498	368	1	7.667732	0.046901	
499	368	1	6.975924	0.055894	
501	368	1	6.835442	0.374069	
516	368	2	5.723489	0.201036	8.845229	0.053865	
518	368	1	6.932206	3.124137	
520	368	1	7.588707	3.041007	
522	368	1	8.192478	3.124140	
523	368	2	4.858745	3.097958	7.562492	3.124139	
524	368	1	5.596801	2.973791	
525	368	2	6.976598	2.998414	7.045829	0.162400	
526	368	2	3.538703	2.900778	5.810265	0.201206	
527	368	3	4.908860	2.956298	7.623629	0.382480	6.301930	3.124135	
528	368	1	6.285468	2.987435	
529	368	1	7.562182	3.124138	
530	368	1	5.671952	3.124159	
531	368	1	6.960812	3.033465	
533	368	2	7.667732	0.046902	8.216667	0.059330	
534	368	2	7.666823	0.046906	6.960778	0.073195	
536	368	2	4.908849	0.098074	7.185377	0.248811	
537	368	3	6.285413	0.066882	9.549080	2.965584	4.456153	0.124448	
538	368	2	4.222606	0.121279	7.045838	0.162400	
539	368	2	5.723479	0.201036	7.573428	3.097959	
540	368	2	6.286011	0.066852	8.857125	0.027568	
541	368	1	6.399354	0.174760	
542	368	1	8.228369	0.033033	
544	368	1	11.019778	0.187163	
546	368	1	8.464213	0.419469	
552	368	1	5.671632	3.124159	
553	368	1	5.080909	2.999789	
554	368	1	6.932206	3.124137	
556	368	1	6.960777	0.073194	
557	368	1	5.706534	0.093214	
561	368	1	4.702970	3.097940	
562	368	1	4.309831	3.097962	
563	368	1	5.541150	0.098079	
564	368	1	4.585335	0.304722	
567	368	1	6.960806	3.033487	
568	368	2	5.227114	2.871449	6.301920	3.124135	
569	368	1	4.585448	2.749617	
570	368	2	4.701735	3.097961	4.411383	3.124123	
571	368	2	4.767669	0.121243	6.932206	3.124137	
572	368	3	4.908583	2.956256	5.227246	0.182876	5.041656	3.124159	
573	368	3	6.399135	2.879576	3.937423	0.055911	5.810338	2.905466	
574	368	2	5.108642	3.021292	6.426760	2.926736	
575	368	2	6.248016	3.097962	4.767572	2.933074	
576	368	2	6.941112	3.097942	5.541070	2.956251	
577	368	2	6.399954	0.174744	4.310132	3.097963	
578	368	2	6.941424	3.097967	5.108688	0.033040	
579	368	1	5.929380	0.088719	
580	368	2	5.724075	0.201013	4.847036	0.201003	
581	368	2	5.596156	0.080551	4.766476	0.121305	
582	368	2	5.053211	0.234285	5.093648	3.097962	
583	368	2	3.103832	0.419443	6.672815	0.015047	
584	368	1	4.718275	3.014935	
585	368	1	5.109872	3.021290	
586	368	1	9.020035	3.054566	
587	368	1	6.333335	0.082201	
588	368	1	11.423599	0.059314	
589	368	1	4.456153	0.124448	
590	368	2	5.930595	0.088701	5.810277	0.201208	
591	368	2	4.766476	0.121305	5.978722	0.304301	
592	368	2	5.890518	0.022851	6.426706	0.179943	
594	368	1	5.093648	3.097962	
595	368	1	5.108688	0.033040	
596	368	1	4.719225	0.039360	
597	368	1	4.846142	0.201038	
598	368	1	5.227246	0.182876	
599	368	1	3.548581	0.066871	
600	368	1	4.380651	0.135985	
604	368	1	3.151034	1.527200	
605	368	1	5.080872	1.651731	
613	368	1	7.592784	0.799894	
614	368	1	5.236886	3.007422	
615	368	2	4.267672	3.097958	5.708571	3.014930	
616	368	3	6.243050	0.741089	6.163707	3.097959	5.301511	2.918382	
617	368	2	5.708773	0.039409	5.215225	3.097955	
618	368	2	5.768398	0.121289	4.267063	3.097952	
619	368	2	4.740538	3.097932	5.215235	3.097955	
620	368	2	5.215218	3.097985	5.215235	3.097955	
621	368	2	5.237690	0.046862	4.371570	2.879615	
622	368	2	5.689003	3.097967	4.764018	2.998413	
623	368	2	8.483719	0.793665	5.300614	2.918344	
624	368	1	5.236886	3.007422	
625	368	1	5.236579	3.007414	
626	368	2	4.765226	2.998450	5.300398	0.135980	
627	368	2	4.267682	3.097958	4.602615	0.163590	
628	368	2	5.236579	3.007414	6.325249	0.182862	
629	368	2	5.689922	3.097974	9.020539	3.045449	
630	368	1	5.300614	2.918344	
631	368	2	6.654565	3.026736	8.074954	0.015042	
632	368	1	8.546423	0.011784	
633	368	1	5.689003	3.097967	
634	368	2	7.112178	3.097962	7.600820	0.018711	
635	368	2	5.690228	3.097950	11.535683	2.933034	
636	368	1	9.057950	2.993227	
652	368	1	11.269371	0.211194	
653	368	1	8.741245	0.174767	
654	368	1	10.526731	0.091724	
655	368	1	8.586918	2.987452	
656	368	1	7.600930	3.035621	
657	368	1	5.548668	2.749633	
658	368	2	5.996771	2.776627	5.864526	2.853335	
659	368	1	6.162062	2.703618	
502	369	1	6.835027	0.374094	
503	369	1	5.930238	0.314678	
508	369	1	7.079174	2.900839	
510	369	1	7.760494	2.918347	
511	369	1	5.553689	3.097948	
512	369	1	5.552763	3.097968	
514	369	1	7.636358	3.097959	
517	369	1	4.859364	3.097962	
518	369	1	6.285713	0.066881	
519	369	1	6.247713	3.097934	
520	369	1	6.941424	3.097967	
522	369	1	5.596802	2.973789	
529	369	1	7.194803	0.222262	
530	369	1	12.636967	0.006255	
533	369	1	12.683775	2.998427	
535	369	1	8.300236	2.945509	
539	369	1	7.045829	0.162400	
541	369	1	6.932216	3.124137	
542	369	2	3.539554	0.153511	3.151112	3.124109	
543	369	2	7.079076	0.153491	5.080907	2.999791	
544	369	1	4.799702	0.387426	
545	369	2	7.913798	0.222267	6.931896	3.124136	
546	369	1	7.666813	0.046908	
547	369	2	6.942024	3.097971	4.456177	2.982243	
548	369	2	6.942034	3.097971	6.960796	3.033486	
549	369	3	5.553689	3.097948	5.048144	3.097961	5.080909	2.999789	
550	369	3	5.596158	0.080578	5.048743	3.097968	5.706574	3.013456	
551	369	3	3.471019	3.097926	7.055283	2.918341	5.080909	2.999789	
552	369	2	7.913833	0.222287	2.804915	0.167187	
553	369	1	2.770581	0.098081	
554	369	1	4.719235	0.039358	
555	369	1	3.547664	0.066891	
556	369	1	3.527215	3.097972	
557	369	1	3.547632	2.987432	
558	369	3	4.858755	3.097959	4.328439	3.007443	4.588166	0.260819	
559	369	3	6.247706	3.097960	4.327835	3.007424	3.833237	0.147702	
560	369	3	4.907923	0.098091	4.466774	2.832027	4.587908	0.260870	
561	369	2	7.636358	3.097959	5.041659	3.124129	
562	369	2	5.596156	0.080551	3.151119	3.124160	
563	369	2	8.330377	3.097965	5.706574	3.013456	
564	369	1	5.196825	2.879179	
565	369	3	6.247397	3.097957	4.328790	0.046899	3.833264	2.958985	
566	369	3	7.636059	3.097957	5.108632	3.021292	7.045890	2.944281	
568	369	2	6.941414	3.097967	4.381491	2.918357	
569	369	1	4.969419	2.887148	
570	369	1	7.246932	2.806892	
571	369	1	5.723582	2.853292	
584	369	1	7.078473	0.153504	
585	369	1	7.246778	0.247440	
586	369	1	5.929661	0.314711	
593	369	1	5.706534	0.093214	
594	369	2	3.539554	0.153511	5.041659	3.124127	
595	369	1	5.041669	3.124129	
596	369	1	6.960778	0.073215	
598	369	1	4.411380	3.124160	
599	369	1	5.671945	3.124132	
600	369	1	4.456153	0.124448	
601	369	2	3.612750	0.174730	5.810277	0.201208	
602	369	1	4.586454	0.304611	
603	369	2	3.346827	0.314789	4.587908	0.260870	
604	369	3	3.916731	0.599121	4.227392	0.446213	5.041571	1.527199	
605	369	1	5.041571	1.527199	
608	369	1	5.405212	2.832045	
609	369	1	5.236886	3.007422	
610	369	2	5.236589	3.007414	4.834282	2.900809	
611	369	2	6.182067	3.021296	5.864569	2.853311	
612	369	2	6.654256	3.026732	5.300614	2.918344	
613	369	1	5.689003	3.097967	
614	369	2	8.026606	0.741063	5.709800	3.014931	
616	369	1	8.026605	0.741065	
623	369	1	10.526745	2.962608	
625	369	1	8.742263	2.879587	
627	369	1	9.773175	2.853288	
504	370	1	6.975914	0.055894	
506	370	1	6.942034	3.097971	
507	370	1	7.078428	2.900812	
554	370	1	5.553689	3.097948	
555	370	1	4.858745	3.097958	
556	370	1	7.667772	3.007443	
588	370	1	5.596753	0.080541	
589	370	1	5.553079	3.097944	
590	370	1	4.859354	3.097964	
591	370	1	5.553692	3.097975	
592	370	1	4.164427	3.097940	
593	370	1	4.165336	3.097950	
595	370	1	4.907933	0.098091	
596	370	1	3.471029	3.097926	
597	370	1	2.111001	0.121299	
598	370	1	4.222606	0.121279	
599	370	1	3.471012	3.097969	
600	370	1	2.776390	3.097941	
601	370	1	4.165330	3.097986	
602	370	1	3.123549	3.097954	
603	370	1	2.862039	0.201015	
604	370	2	1.308086	0.741036	0.642700	1.329526	
605	370	4	1.866882	1.146216	4.778324	0.915875	2.540454	1.428993	3.151048	1.527102	
606	370	2	2.022396	3.039281	6.960841	1.617900	
607	370	2	3.206175	3.097938	4.471208	2.539999	
608	370	2	2.144457	0.039430	4.497853	2.776661	
609	370	2	2.137807	3.097931	4.668954	2.680283	
610	370	1	1.548160	3.021289	
611	370	1	1.959417	3.097931	
612	370	1	2.166796	0.121281	
613	370	1	3.718917	0.247427	
614	370	1	3.580113	0.055904	
615	370	1	1.966884	0.046911	
616	370	1	9.375697	0.693493	
618	370	1	8.484793	0.688525	
621	370	1	10.045617	2.761733	
624	370	1	7.594429	0.682313	
604	371	1	1.606785	1.329631	
605	371	6	3.523485	2.313126	3.288722	1.849383	4.030155	1.019428	6.932209	1.553318	3.794322	1.610378	5.810449	1.746066	
606	371	5	1.094696	2.879574	2.677193	3.031483	3.326152	1.527155	6.179206	2.531829	4.239487	2.634825	
607	371	2	1.966889	0.046911	3.179432	2.634835	
608	371	1	2.677699	0.022854	
609	371	2	2.144609	0.039390	7.252928	2.900849	
610	371	2	3.032978	3.039287	5.689013	3.097967	
611	371	2	3.562355	3.097931	7.112178	3.097962	
612	371	1	3.206178	3.097985	
613	371	2	2.855671	3.035651	5.767458	0.121285	
614	371	2	3.205875	3.097934	7.112178	3.097962	
615	371	2	2.151186	0.382542	9.494815	0.006251	
616	371	2	3.284104	0.174728	3.283969	0.174757	
617	371	4	3.717724	0.247508	3.507649	0.374076	9.375929	0.693471	11.388978	3.056386	
618	371	1	2.898991	0.141481	
619	371	3	3.836202	0.336368	8.483719	0.793665	9.898441	2.806860	
620	371	1	3.186223	0.419342	
625	371	1	7.592791	0.799893	
605	372	7	3.061747	2.148155	1.780444	2.455215	2.192443	1.849364	5.080972	1.651609	3.151034	1.527200	6.030270	2.313204	3.034358	2.423931	
606	372	5	3.561424	2.455300	1.075164	2.987472	3.990910	1.724877	7.972532	1.849338	5.402961	2.437562	
607	372	2	3.033028	0.015043	5.995867	2.776596	
608	372	2	2.671764	3.097947	5.105650	2.717918	
609	372	1	3.934078	0.046910	
610	372	1	3.982985	0.135958	
611	372	1	3.580113	0.055904	
612	372	1	3.562648	3.097979	
613	372	1	3.718907	0.247428	
614	372	1	3.917609	3.097955	
615	372	1	3.206175	3.097938	
616	372	1	2.855065	3.035626	
617	372	1	4.061689	0.222236	
618	372	3	3.042831	0.314727	4.168169	0.304733	9.809792	0.741147	
619	372	2	3.666433	0.462865	3.666155	0.462902	
620	372	1	8.484704	0.688513	
621	372	1	3.834755	0.336497	
622	372	1	4.059342	0.616750	
626	372	1	8.075199	0.851692	
604	373	2	1.006908	2.313356	4.020869	2.313354	
605	373	10	5.058723	2.213555	2.029274	2.189024	0.070026	1.669260	0.056256	1.849374	2.205685	1.553363	3.781213	1.527199	3.781213	1.527199	3.394500	1.908181	2.517914	2.246599	5.705598	2.371968	
606	373	2	3.037700	1.788147	4.239758	2.634861	
620	373	2	4.286804	0.682323	5.341328	0.599127	
621	373	2	4.153047	0.496120	5.814554	0.664339	
623	373	1	4.843498	0.584429	
624	373	1	4.530791	0.741065	
627	373	1	8.575574	0.897751	
605	374	6	1.060835	1.991289	3.150959	1.553363	3.781076	1.527118	0.123596	1.329526	0.215417	1.886372	1.408770	2.360806	
620	374	1	9.810584	0.741051	
621	374	1	4.842481	0.584568	
622	374	3	3.523546	0.741198	4.559528	0.630396	5.426188	0.575960	
623	374	1	8.485168	0.688466	
625	374	1	4.788700	0.793713	
628	374	1	8.074995	0.851721	
605	375	3	0.832861	1.876357	0.121191	1.553363	0.082197	1.527118	
621	375	1	9.810363	0.741072	
623	375	2	4.840741	0.897749	5.059520	0.641511	
624	375	1	4.843165	0.584437	
626	375	1	3.524567	0.740871	
629	375	1	6.702858	0.807678	
623	376	1	8.077082	0.630450	
624	376	2	4.557647	0.851827	4.059435	0.616782	
625	376	2	5.291822	0.693577	7.594532	0.682327	
627	376	1	4.285760	0.799924	
630	376	1	7.593108	0.799879	
624	377	2	4.344653	0.915650	6.307884	0.599180	
625	377	1	4.344034	0.915892	
626	377	2	5.538136	0.741003	8.077074	0.630451	
627	377	1	8.918705	0.741046	
628	377	1	5.034416	0.741021	
631	377	1	7.134955	0.741030	
625	378	2	5.058677	0.840732	6.494956	0.462892	
627	378	1	5.560112	0.831696	
629	378	1	4.286819	0.799670	
632	378	1	8.575581	0.897750	
626	379	2	4.840548	0.897799	5.426196	0.575959	
627	379	2	5.034409	0.741020	5.950691	0.514380	
628	379	2	6.060791	0.824324	8.074586	0.851777	
630	379	1	4.557654	0.851828	
631	379	1	5.058789	0.840752	
627	380	1	4.286899	0.682351	
628	380	1	8.485495	0.688457	
629	380	2	5.034525	0.741042	8.483719	0.793665	
631	380	1	5.338612	0.882967	
633	380	1	8.026706	0.741078	
628	381	1	4.285969	0.799874	
629	381	1	3.784195	0.807526	
630	381	2	5.538136	0.741003	8.484466	0.688534	
631	381	1	8.484799	0.688526	
632	381	1	4.057841	0.865572	
634	381	1	9.375697	0.693493	
629	382	1	4.530791	0.741065	
630	382	1	4.557965	0.851800	
631	382	2	6.061816	0.824139	7.356620	0.496193	
632	382	2	5.537821	0.741019	8.026605	0.741065	
633	382	1	4.788903	0.793667	
636	382	1	8.579382	0.584490	
631	383	1	4.557844	0.851777	
632	383	2	6.040876	0.741106	7.191577	0.616730	
633	383	1	9.375691	0.693492	
634	383	1	4.557852	0.851779	
637	383	1	8.484799	0.688526	
631	384	1	4.286090	0.799899	
632	384	1	4.035913	0.678594	
633	384	2	5.291582	0.693618	4.926256	0.650377	
634	384	2	1.891672	0.807757	7.191419	0.616772	
635	384	2	3.785099	0.674371	7.594538	0.682328	
639	384	1	9.810363	0.741072	
632	385	1	5.292758	0.693433	
633	385	1	5.794938	0.697664	
634	385	1	5.034525	0.741042	
635	385	2	4.843410	0.584401	7.356620	0.496193	
636	385	2	4.059587	0.616707	8.964273	0.641418	
640	385	1	8.918255	0.741092	
634	386	1	3.851365	0.543750	
635	386	1	5.059520	0.641511	
637	386	3	1.530764	0.906221	9.375236	0.693534	7.699500	0.566461	
638	386	1	7.135056	0.741046	
635	387	1	4.059342	0.616750	
636	387	1	4.843254	0.584465	
637	387	1	5.134903	0.543787	
638	387	1	2.963309	0.527041	
639	387	2	4.153052	0.496122	8.077068	0.630450	
641	387	1	8.485408	0.688443	
636	388	1	4.059595	0.616706	
637	388	1	4.843240	0.584464	
638	388	1	5.134916	0.543788	
639	388	2	5.136140	0.543610	8.579470	0.584505	
640	388	2	3.665135	0.463090	8.202696	0.350649	
643	388	1	8.578703	0.584565	
637	389	1	5.340312	0.599257	
638	389	1	4.559536	0.630395	
640	389	2	5.340307	0.599255	6.823208	0.543721	
641	389	3	3.851625	0.543706	5.926358	0.527067	7.053981	0.419423	
642	389	2	4.643303	0.522378	7.053202	0.419496	
644	389	1	8.077575	0.630406	
639	390	1	4.462619	0.455054	
640	390	1	3.507640	0.374077	
641	390	1	3.717761	0.247547	
642	390	1	6.125965	0.575967	
643	390	3	4.168227	0.304769	5.390516	0.314733	7.623564	0.382462	
644	390	3	4.630741	0.350586	6.495234	0.462870	6.795076	0.336407	
645	390	2	5.573065	0.419553	8.077162	0.630466	
647	390	1	9.375691	0.693492	
641	391	1	3.718868	0.247386	
642	391	1	3.981695	0.419484	
643	391	2	4.302655	0.382513	5.340312	0.599257	
644	391	1	4.643294	0.522379	
645	391	1	7.053202	0.419496	
646	391	3	3.835620	0.336420	8.224912	0.522456	7.623620	0.382481	
647	391	2	4.960606	0.323064	5.950956	0.514353	
644	392	2	4.346454	0.566444	4.168224	0.304766	
645	392	2	4.153052	0.496122	3.718907	0.247428	
646	392	1	5.294638	0.298938	
647	392	2	4.461575	0.455204	4.232520	0.419425	
648	392	3	3.981969	0.419453	5.425928	0.575991	8.579387	0.584491	
649	392	2	3.981634	0.419449	6.242956	0.741070	
646	393	1	3.666437	0.462867	
647	393	1	4.643109	0.522439	
648	393	2	4.152859	0.496188	8.964287	0.641418	
650	393	3	4.151979	0.496262	5.813784	0.817826	9.375929	0.693471	
651	393	1	4.559624	0.630421	
648	394	1	3.851360	0.543748	
649	394	2	3.456536	0.558057	4.286804	0.682323	
650	394	2	4.558631	0.630580	8.484697	0.688512	
651	394	3	4.057719	0.865547	4.546309	0.938525	7.592791	0.799893	
652	394	1	4.640257	0.959719	
650	395	1	3.524345	0.740933	
651	395	3	5.538143	0.741002	6.702974	0.807695	7.616531	1.100035	
652	395	1	8.220047	0.959819	
653	395	1	4.458971	1.027131	
651	396	1	1.186410	0.882890	
652	396	4	2.121720	1.062996	5.058789	0.840755	4.459198	0.741056	3.833404	1.361815	
653	396	3	4.400258	1.281959	4.588475	1.248530	7.186100	1.260589	
652	397	2	3.663159	1.019725	5.081053	1.402552	
653	397	3	5.093830	1.315631	4.840429	0.897777	3.213498	1.329526	
652	398	2	3.663798	1.019442	8.289242	1.374301	
653	398	4	3.977404	1.346960	5.867438	1.281873	5.041584	1.527139	6.960882	1.436324	
654	398	1	3.929249	1.618037	
653	399	3	4.268741	1.527172	5.197089	1.281882	5.706731	1.416438	
654	399	3	4.992940	1.598671	4.638161	1.450228	6.932110	1.527155	
653	400	2	3.929237	1.436258	2.692772	1.167853	
654	400	3	3.831905	1.908060	3.384157	1.474427	5.706857	1.638012	
653	401	4	4.625438	1.922469	5.702774	1.589743	3.986236	1.205019	5.810496	1.308175	
654	401	2	4.283624	1.443787	1.680525	1.527139	
653	402	3	4.164301	1.876360	3.201602	1.527126	3.151048	1.527102	
654	402	3	3.929254	1.618037	0.242387	1.527200	6.208062	1.945853	
653	403	4	3.357417	2.086459	0.165165	1.527164	0.196940	1.527102	0.144374	1.945853	
654	403	1	4.327898	1.692663	
652	404	1	1.094006	2.389964	
654	404	1	0.088324	1.692663	
651	405	1	0.088703	2.389964	
652	405	1	1.428896	2.254609	