61	5	4503.000000	880.014281	29	1.187398	1.325416	0.276917	0.154478	0.031405	0.143861	-0.005880	42.776199	280.364624
62	5	3919.500000	1032.031525	20	1.470100	2.081385	0.876228	0.799437	0.669049	1.127997	-0.007433	33.021877	279.371246
63	5	3951.000000	1083.303604	17	1.597845	2.468433	1.049033	0.975919	0.987420	1.507790	-0.007703	32.849766	285.000824
64	6	1193.500000	298.433546	11	0.440384	0.157198	0.012096	0.011402	0.000134	0.004502	-0.000001	20.579830	94.152733
64	5	3790.000000	1111.362479	19	1.813770	3.168797	2.269011	2.093064	4.561125	3.648216	-0.043897	37.733986	302.383362
76	6	2961.500000	356.031525	13	0.386955	0.121709	0.002064	0.000836	0.000001	0.000208	0.000000	30.172913	146.580643
76	6	1326.000000	245.480229	11	0.298208	0.047290	0.012094	0.004094	0.000029	0.000836	0.000004	31.130636	85.028961
76	5	1826.000000	761.279218	9	5.520114	30.381719	6.619961	6.055936	38.342397	32.583846	-0.371444	13.700306	359.568848
76	5	1837.500000	760.208151	8	5.573500	30.985255	13.131640	12.701114	164.029188	70.077162	-0.367274	12.921833	360.068176
77	6	1282.000000	264.190906	7	0.663356	0.411992	0.000311	0.000045	0.000000	-0.000007	-0.000000	14.699555	118.428490
77	6	3056.000000	341.220343	11	0.302692	0.060976	0.005805	0.003103	0.000013	0.000751	0.000001	38.974701	126.638519
77	5	1783.000000	756.651802	9	5.740688	32.876103	6.565026	6.104608	38.645047	34.317140	-0.275531	12.704144	359.440094
77	5	1834.500000	758.551297	8	5.600261	31.297005	12.398243	12.078934	147.816348	67.112689	-0.228725	11.998886	359.806641
78	6	3246.000000	417.303604	13	0.411795	0.140147	0.001901	0.001172	0.000002	0.000411	0.000000	35.715355	169.385330
78	6	83.000000	191.681239	2	5.522578	30.459627	1.892073	1.888097	3.568662	10.419604	0.000001	2.353953	88.600166
78	5	1718.500000	759.036578	8	6.094191	37.060203	5.782278	5.326367	29.558351	31.699055	-0.253119	11.870376	360.062408
78	5	1799.500000	761.521859	8	5.624115	31.565488	10.557446	10.228547	106.291716	56.997857	-0.219788	11.407498	360.474182
82	6	1561.500000	359.747255	23	0.318894	0.066163	0.004553	0.000781	0.000001	0.000109	0.000001	31.032190	104.290596
82	6	103.500000	183.580734	2	5.124440	26.221612	4.942139	4.924620	24.294982	25.217383	0.000309	2.611666	84.580170
82	5	1698.500000	785.060963	8	6.472336	41.781714	24.214742	23.476287	559.735850	150.473047	-1.138830	13.348652	365.190582
82	5	1748.000000	786.132031	8	6.265581	39.151086	11.084257	10.388499	111.474254	63.848217	-0.674434	13.614965	365.619659
83	6	1301.500000	286.149276	19	0.302015	0.054085	0.004547	0.000475	0.000000	0.000012	0.000001	29.902349	92.173828
83	6	115.000000	176.166521	3	3.741432	13.963076	2.995356	2.974616	8.879134	11.113148	0.000990	2.888741	81.409996
83	6	2571.000000	294.308656	11	0.280736	0.051250	0.001618	0.000759	0.000001	0.000168	0.000000	35.343792	114.077126
83	5	1696.500000	792.516807	8	6.421538	41.120205	26.389612	25.618028	666.092045	162.886957	-1.283755	13.495829	366.734894
83	5	1745.500000	792.516807	8	6.369112	40.445542	14.142410	13.324230	182.902072	83.332309	-0.982101	13.693604	367.427307
101	6	775.500000	248.693432	19	0.495367	0.210346	0.002332	0.000341	0.000000	-0.000014	-0.000000	18.870811	88.319000
101	5	1372.500000	680.173661	7	5.710551	32.532714	3.398267	2.948380	9.330849	16.156950	-0.182238	10.919870	315.391541
101	5	1623.000000	806.842708	8	7.034670	49.374063	11.573543	10.731505	119.594632	73.824387	-0.905338	12.857723	372.103729
114	6	2647.000000	418.759447	16	0.365432	0.097859	0.006703	0.005736	0.000035	0.001793	-0.000002	38.013153	141.319489
114	6	6712.500000	1615.069315	65	0.885746	0.714657	0.185851	0.159154	0.027372	0.133756	0.000196	57.233574	334.549744
114	6	473.000000	275.646749	8	1.918585	3.645401	1.509785	1.496769	2.250037	2.857761	-0.000234	7.678688	126.421936
114	5	2252.000000	800.558437	8	4.855798	23.514707	4.032489	3.750925	14.587579	17.854501	-0.103205	14.033207	369.408600
114	5	2449.000000	806.700572	11	4.579572	20.915782	4.324451	4.118820	17.382863	18.619001	-0.067861	14.395020	371.255280
114	6	1965.500000	663.820410	26	1.378687	1.823132	0.005314	0.002699	0.000010	0.002552	-0.000000	29.963314	194.985153
115	6	374.500000	189.178713	4	1.270834	1.581358	0.176109	0.163101	0.027642	0.203373	0.000145	7.778174	86.974136
115	6	1396.000000	286.190906	10	0.410394	0.134386	0.001681	0.001965	0.000004	0.000702	-0.000000	21.858501	109.139122
115	6	1173.000000	346.641697	4	1.596177	2.517973	0.011417	0.003688	0.000020	0.002858	0.000012	10.248615	164.747025
115	6	4799.500000	1209.883461	62	0.965858	0.840366	0.490142	0.479352	0.232342	0.438036	-0.001848	47.815807	302.730591
115	6	3743.000000	350.735062	14	0.306149	0.066584	0.000579	0.000198	0.000000	0.000037	0.000000	39.923080	135.615387
115	5	2252.000000	803.872145	8	4.877052	23.714255	4.776785	4.447095	20.496131	21.253966	-0.142947	14.586338	370.178345
115	5	2415.000000	809.185853	8	4.578279	20.885040	4.252561	3.889061	15.815089	17.373666	-0.154524	15.922950	372.087738
115	6	2147.000000	532.984843	21	1.008247	0.956295	0.015751	0.009650	0.000119	0.008283	0.000004	27.727242	194.090683
146	6	3992.000000	530.818322	15	0.729767	0.321806	0.227149	0.055330	0.004023	0.013488	0.004722	72.754616	196.379700
146	6	1622.000000	366.960458	6	0.746121	0.528752	0.009343	0.008716	0.000079	0.006331	-0.000000	18.475641	167.523224
146	5	3072.000000	782.190906	6	3.442490	11.820566	1.184802	1.169761	1.377111	4.015365	-0.000618	11.468689	363.939240
147	6	1791.500000	291.036578	8	0.457986	0.135443	0.037852	0.006853	0.000049	0.000573	0.000099	38.078911	114.543053
147	6	1488.000000	318.190906	6	0.639962	0.381513	0.006152	0.005595	0.000033	0.003455	0.000000	18.835352	145.247589
147	5	3031.500000	776.149276	6	3.475902	12.052562	1.032988	1.023184	1.051910	3.549931	-0.000242	11.177318	362.457031
147	6	1241.000000	245.622364	5	0.530687	0.248152	0.037976	0.029390	0.000982	0.014578	-0.000011	20.124609	108.225685
170	6	1363.500000	243.781745	4	0.416526	0.145569	0.001468	0.001136	0.000001	0.000433	0.000000	22.000000	109.000000
170	5	2378.000000	784.333041	6	4.539650	20.571467	1.680901	1.613554	2.657323	7.249988	0.007840	11.179668	364.744965
172	6	1041.000000	204.024385	4	0.361901	0.102958	0.000784	0.000529	0.000000	0.000168	0.000000	19.737415	84.553223
172	5	2365.500000	785.404109	7	4.581119	20.939876	1.710662	1.569675	2.572047	7.031625	0.023454	12.551432	365.168243
174	5	2301.000000	785.989895	9	4.771663	22.696178	2.175157	1.835367	3.665938	8.357477	0.094653	15.461790	365.176636
175	5	2306.500000	783.747255	9	4.758965	22.552889	2.692896	2.187513	5.305982	9.815787	0.187119	16.858486	364.765076
195	6	1421.000000	251.480229	5	0.500095	0.221879	0.003778	0.002450	0.000007	0.001053	-0.000001	19.251364	109.209015
195	6	8548.000000	1053.401145	13	0.653456	0.381993	0.053504	0.036243	0.001594	0.020528	0.000085	67.865227	375.099518
195	2	6320.500000	1194.246817	27	1.092859	0.962480	1.170680	0.897723	0.920249	0.879292	-0.010321	69.389130	325.358459
196	2	5977.500000	1170.790973	21	1.072463	0.926027	1.086582	0.830287	0.788586	0.797309	-0.008409	67.787163	319.363861
196	6	1701.500000	295.036578	4	0.592696	0.322965	0.001496	0.000562	0.000000	0.000199	-0.000000	19.343786	128.183105
196	6	3991.000000	1057.577770	15	2.079346	4.061978	0.159120	0.036715	0.002183	0.016044	-0.001763	47.060585	371.721069
197	2	5519.500000	1112.849848	20	0.988965	0.765104	0.897413	0.674347	0.524557	0.588780	-0.005990	66.372971	300.769135
197	6	1891.000000	313.965510	4	0.661625	0.409012	0.001507	0.000314	0.000000	0.000018	-0.000000	18.933584	137.422424
197	6	3741.000000	995.435634	15	2.268830	4.920178	0.163801	0.066857	0.006813	0.122412	0.001591	42.690754	370.302734
198	2	4532.500000	977.452879	19	0.769845	0.408049	0.450917	0.312308	0.117181	0.199027	-0.002058	63.117558	253.703079
198	6	2187.500000	363.320849	7	0.775409	0.571952	0.001506	0.000376	0.000000	0.000075	-0.000000	19.393333	156.410599
198	6	3450.000000	949.979791	11	2.606693	6.599593	0.682000	0.576091	0.361057	1.479653	-0.005631	37.754089	371.064453
292	5	1153.000000	436.166521	5	2.869154	8.203551	0.083759	0.082006	0.006796	0.234355	0.000006	7.755355	204.180771
292	6	491.000000	193.941125	4	1.003675	0.974877	0.009617	0.002398	0.000008	0.000569	0.000008	9.396165	90.934319
292	6	1372.000000	297.563489	18	0.440414	0.157897	0.002470	0.000689	0.000001	0.000206	-0.000000	28.475504	108.018478
292	6	735.000000	258.509666	11	0.813291	0.616682	0.103939	0.076773	0.006849	0.055755	-0.000359	14.751416	110.940666
292	6	2252.000000	272.852812	11	0.385252	0.120419	0.000900	0.000192	0.000000	0.000018	0.000000	27.357891	111.215759
306	3	2891.000000	649.705625	15	1.379953	1.848724	0.205295	0.173934	0.032864	0.230190	0.000499	25.937834	263.461090
306	5	2410.000000	741.053823	5	4.130496	17.031041	1.165756	1.157641	1.344821	4.774728	-0.000202	9.068388	355.190155
306	1	2660.000000	523.254833	10	2.133853	4.504907	0.312482	0.299260	0.091514	0.635167	-0.000001	19.000000	240.000000
307	3	2536.000000	603.220343	14	1.360411	1.792025	0.200982	0.168177	0.030915	0.218433	0.000520	25.159204	241.207321
307	5	2387.000000	745.053823	5	4.323245	18.660807	0.905444	0.900364	0.812939	3.889406	0.000007	9.183527	357.157715
307	1	2770.000000	576.568542	10	2.236179	4.959720	0.450971	0.444474	0.198996	0.989763	-0.000003	19.000000	270.000000
308	3	2300.000000	614.391916	18	1.424744	1.965974	0.222625	0.185369	0.037651	0.251967	0.000643	24.220535	234.390869
308	5	2383.500000	747.296463	4	4.367207	19.042686	1.335987	1.328710	1.770298	5.798119	0.000049	9.014957	357.179352
308	1	2735.500000	615.154328	10	2.352731	5.495137	0.327042	0.323628	0.105286	0.758370	0.000004	18.000000	289.000000
309	3	2544.000000	645.362479	19	1.560435	2.367916	0.360107	0.318836	0.108033	0.483302	0.000702	25.553299	245.521820
309	6	337.000000	177.597979	4	1.085668	1.148565	0.008006	0.007300	0.000056	0.007805	-0.000000	7.706141	83.509804
309	5	2478.500000	744.811182	6	4.249600	18.028916	1.541736	1.531758	2.353912	6.502751	0.000215	9.782670	357.412323
309	1	3198.000000	651.053823	11	2.375254	5.600921	0.593357	0.586450	0.345943	1.387654	-0.000021	20.000000	304.000000
310	3	2182.500000	571.663994	19	1.520640	2.240942	0.425656	0.378239	0.151766	0.559968	0.000722	24.008444	215.454834
310	1	2964.000000	683.053823	10	2.489011	6.153880	0.333271	0.329996	0.109436	0.818341	-0.000003	19.883305	322.076019
310	6	863.000000	265.539104	10	0.547084	0.267776	0.004260	0.004104	0.000017	0.002099	0.000000	14.438702	88.267181
310	5	2464.000000	747.882250	5	4.305917	18.510398	2.609094	2.595822	6.755495	11.167585	0.000282	9.714008	357.356812
310	6	1019.000000	364.274166	18	0.353643	0.084172	0.001201	0.000317	0.000000	0.000011	0.000000	27.305548	81.853043
330	6	2629.000000	407.764500	10	0.624102	0.355895	0.027800	0.021958	0.000543	0.013098	-0.000000	28.178900	155.753937
330	6	2061.000000	518.793937	15	1.057534	1.085755	0.043460	0.042747	0.001842	0.044439	-0.000001	17.251698	178.243286
330	5	2655.500000	747.639609	4	3.802751	14.431009	1.814518	1.799116	3.250643	6.830796	-0.000621	10.847126	357.181702
331	6	484.000000	196.426406	4	1.008988	0.990505	0.003185	0.002647	0.000008	0.002536	-0.000000	8.222362	92.971802
331	6	2977.000000	471.906635	25	0.652695	0.392214	0.046794	0.040087	0.001736	0.025104	0.000001	27.836967	180.611176
331	6	2238.500000	451.580734	13	1.103383	1.187760	0.008520	0.007945	0.000065	0.008644	-0.000000	16.489485	181.170212
331	5	2690.000000	739.597979	4	3.791392	14.344895	2.054829	2.040638	4.178658	7.727083	-0.000446	10.794757	357.113312
360	6	507.000000	316.793937	15	0.833813	0.633326	0.015524	0.002294	-0.000000	-0.000961	0.000014	15.439809	98.150063
360	6	1070.500000	465.286359	21	1.126130	1.219044	0.276033	0.264347	0.071407	0.289162	0.000116	15.333605	146.260422
360	6	2371.000000	640.156416	44	1.111363	1.162448	0.150515	0.140586	0.020450	0.148913	-0.000062	29.069603	217.014328
360	6	1366.000000	271.053823	6	0.640627	0.377367	0.049480	0.040904	0.001840	0.025119	-0.000007	20.910782	118.349052
360	6	1946.000000	605.705625	25	1.904475	3.581630	0.270992	0.244876	0.063078	0.453523	-0.000563	17.199444	237.620178
360	5	3065.000000	753.195958	4	3.313336	10.948954	1.194156	1.183405	1.406795	3.913951	-0.000267	11.410149	357.657410
361	6	466.000000	292.994948	16	0.761565	0.516714	0.010269	0.001136	-0.000003	-0.000796	0.000002	15.692442	87.863220
361	6	2257.500000	381.580734	9	0.605641	0.320618	0.084929	0.064079	0.004724	0.035627	0.000182	29.204494	147.240616
361	6	1666.500000	617.060963	34	2.257363	5.038577	0.349680	0.342086	0.118314	0.767872	0.000209	16.749924	242.836166
361	5	3051.000000	749.882250	4	3.359176	11.255028	0.891687	0.883953	0.784784	2.964896	-0.000100	11.464756	357.629395
362	6	626.500000	314.977703	27	0.868572	0.669829	0.005542	0.001206	0.000002	-0.000077	-0.000003	18.335756	94.809280
362	6	2932.500000	447.865005	13	0.591250	0.309890	0.061242	0.049499	0.002725	0.027512	-0.000003	31.564320	175.259521
362	6	737.000000	352.994948	18	2.171342	4.651599	0.122306	0.122409	0.014978	0.261814	-0.000029	12.078935	140.491470
362	5	2977.000000	752.367531	4	3.413193	11.621143	0.905067	0.898356	0.810052	3.062413	-0.000026	10.962625	357.520569
367	6	540.000000	319.195958	11	1.213578	1.410873	0.291451	0.278515	0.079352	0.324027	0.000055	11.766968	114.335709
367	3	3881.000000	695.989895	16	1.205639	1.400106	0.054474	0.038540	0.001763	0.042334	0.000098	30.836555	275.673920
367	6	760.000000	263.053823	12	0.785288	0.564866	0.156515	0.130127	0.018569	0.097485	0.000270	17.479786	90.907776
367	5	2935.500000	748.468036	5	3.496767	12.198083	0.915267	0.904642	0.823170	3.155595	0.000305	10.789420	357.522430
447	6	829.000000	357.989895	32	0.563628	0.265647	0.041780	0.031220	0.001127	0.015893	-0.000048	20.793943	87.112267
447	6	1432.500000	434.492422	16	0.880122	0.685411	0.389689	0.365671	0.138033	0.294877	0.000936	23.989223	153.646179
447	6	1309.000000	358.249781	17	1.089623	1.105299	0.122851	0.108786	0.012567	0.109253	0.000490	21.421473	129.327423
447	6	1328.500000	303.923880	6	0.750431	0.533593	0.003396	0.000492	-0.000000	-0.000152	-0.000001	16.249889	139.215469
447	5	3324.500000	1257.276254	85	3.842600	14.575040	0.517976	0.389858	0.174911	1.433550	-0.009919	39.050144	358.615387
447	6	1721.500000	462.350286	32	0.790323	0.571402	0.031475	0.023335	0.000631	0.017299	0.000038	27.939180	134.063904
447	6	799.000000	239.053823	8	1.030739	1.026609	0.195367	0.182970	0.034594	0.185276	0.000006	12.388389	108.625015
447	6	1397.000000	210.568542	9	0.368344	0.107009	0.002462	0.000481	0.000000	0.000026	0.000000	22.954401	89.920052
465	5	2020.000000	739.254833	4	5.205655	27.067417	3.231014	3.214473	10.359390	16.722318	0.000568	8.699415	357.143219
465	6	3552.000000	969.327989	23	1.310276	1.604684	0.114548	0.111725	0.012638	0.138795	-0.000167	32.606552	252.393509
466	5	2119.500000	743.154328	5	4.998966	24.956639	5.738928	5.709650	32.683577	28.520557	0.001934	9.372519	357.248322
466	6	1601.000000	279.823375	19	0.441732	0.145160	0.022140	0.003001	-0.000003	-0.000471	-0.000024	33.386082	103.912193
466	6	4109.000000	1050.724957	28	1.710197	2.822201	0.094850	0.085958	0.007761	0.144343	-0.000070	31.982216	295.309479
475	6	2709.000000	800.215291	19	1.701407	2.780470	0.096809	0.086001	0.007847	0.142265	0.000000	25.227448	251.165405
475	6	1136.000000	470.592927	34	1.510922	2.237775	0.115982	0.107963	0.012081	0.159241	-0.000096	14.200082	160.179672
475	6	2865.500000	345.806130	16	0.416538	0.145512	0.001125	0.000191	0.000000	-0.000004	-0.000000	32.512196	141.146332
475	6	5370.000000	667.587874	32	0.658276	0.401512	0.002193	0.001906	0.000004	0.001189	0.000000	33.110798	227.160904
475	6	4198.500000	613.345234	36	0.982162	0.931403	0.001708	0.000387	0.000000	0.000052	-0.000000	25.668266	235.695847
475	5	2631.500000	761.722870	7	3.841264	14.721958	0.490362	0.450885	0.212002	1.695148	0.001844	11.565106	358.971283
475	6	1172.000000	263.396969	10	0.670806	0.416675	0.036961	0.033498	0.001179	0.021620	-0.000008	18.289482	115.888809
476	6	1473.500000	638.031525	31	1.988241	3.789052	0.010348	0.011185	0.000120	0.021771	0.000007	23.000000	179.000000
476	6	763.000000	360.509666	25	1.181867	1.356774	0.059528	0.060563	0.003636	0.070536	-0.000003	14.180202	132.455963
476	6	1070.000000	301.539104	11	0.750082	0.527291	0.005156	0.000772	0.000000	-0.000156	-0.000002	19.128220	131.736969
476	6	2072.500000	348.291411	23	0.538085	0.256049	0.007427	0.000928	-0.000001	-0.000250	0.000002	28.380430	145.280777
476	6	4081.500000	745.712765	38	0.849298	0.683111	0.007505	0.006928	0.000050	0.005726	-0.000001	29.928772	246.089325
476	6	4724.000000	703.872145	34	1.213783	1.440135	0.000879	0.000897	0.000001	0.001060	-0.000000	29.290363	270.337341
476	5	2593.500000	763.036578	6	3.952712	15.586746	0.540379	0.476271	0.241586	1.819966	0.003927	12.289395	359.191986
486	6	1640.500000	600.007140	15	0.585002	0.279739	0.002697	0.000511	0.000001	0.000235	-0.000000	27.064028	117.865799
486	6	1946.000000	263.539104	9	0.528878	0.253343	0.000081	0.000047	0.000000	0.000021	-0.000000	19.303465	118.529755
486	6	906.500000	293.296463	8	1.648227	2.596654	1.108835	0.954432	0.981683	1.522136	-0.018814	19.473454	126.267357
486	6	1394.000000	328.107646	21	1.053286	1.015380	0.020097	0.019730	0.000393	0.019872	-0.000001	21.637470	123.036583
486	6	865.000000	321.195958	11	0.733806	0.490803	0.018040	0.012069	0.000177	0.007169	-0.000017	18.305990	119.971825
486	5	2466.500000	782.090401	9	4.391526	19.220975	1.584931	1.330342	1.931040	5.549195	0.052224	15.166976	364.344360
486	6	447.000000	224.426406	7	0.750129	0.526143	0.008804	0.002639	0.000011	0.000657	0.000007	11.000000	86.000000
489	6	776.500000	215.438599	14	0.708087	0.397817	0.061624	0.040958	0.002046	0.022703	0.000219	20.333885	81.901459
489	6	575.000000	274.024385	12	1.144234	1.228536	0.121754	0.013389	-0.000501	-0.013982	-0.000204	16.233435	117.940865
489	5	2465.000000	783.504614	7	4.330713	18.701089	0.732573	0.546778	0.345442	2.163849	0.020545	14.178846	364.547058
489	6	1169.000000	248.083260	8	0.527778	0.250333	0.006638	0.005550	0.000034	0.002773	-0.000000	17.048826	103.797882
490	6	451.000000	354.450791	23	1.407831	1.815439	0.429795	0.167814	0.042105	0.122879	0.016073	17.677670	111.440033
490	6	1237.000000	280.225396	9	0.530921	0.252625	0.003589	0.001032	0.000002	0.000245	-0.000001	18.162167	115.869476
490	5	2527.500000	784.918828	7	4.277466	18.247210	0.664641	0.517757	0.303399	2.055107	0.014105	13.883823	364.544159
501	6	1121.500000	229.722870	8	0.369523	0.108162	0.000189	0.000093	0.000000	0.000026	0.000000	21.000000	92.000000
501	6	1382.500000	258.953318	4	0.462874	0.186319	0.000519	0.000421	0.000000	0.000180	-0.000000	22.000000	118.000000
501	5	2191.000000	766.592927	4	4.926063	24.237523	0.027592	0.027252	0.000747	0.134059	-0.000000	7.649202	361.171234
501	6	1159.000000	220.911687	5	0.474194	0.196702	0.010184	0.008299	0.000076	0.003661	-0.000001	18.238800	99.234764
502	6	1276.000000	235.882250	4	0.417795	0.146772	0.000193	0.000149	0.000000	0.000057	-0.000000	21.856884	107.528305
502	6	1255.000000	266.710677	4	0.550685	0.275328	0.000204	0.000161	0.000000	0.000083	-0.000000	18.827148	123.357056
502	5	2141.500000	768.835567	4	5.125181	26.237986	0.163050	0.160313	0.025919	0.819002	-0.000019	8.032337	361.144348
503	6	1046.000000	200.225396	4	0.381543	0.117697	0.000144	0.000104	0.000000	0.000036	-0.000000	19.649122	90.563042
503	6	1014.000000	224.225396	5	0.486292	0.208398	0.000013	0.000004	0.000000	0.000001	0.000000	18.905884	102.584976
503	5	2090.000000	764.936073	4	5.321183	28.284515	0.874975	0.868303	0.756841	4.613763	-0.000160	8.105255	360.856323
503	6	611.000000	216.911687	7	0.656968	0.390312	0.113578	0.096746	0.010140	0.060325	0.000128	15.000000	83.000000
518	5	307.000000	272.568542	4	4.402703	19.349525	3.181637	3.169734	10.066063	13.942899	-0.000165	3.931780	127.548172
518	5	528.000000	334.651802	4	3.036815	9.189364	3.299932	3.276926	10.775871	9.933149	0.000263	6.080094	153.713791
518	1	1551.000000	492.308656	10	2.649396	6.974110	0.257759	0.247194	0.062397	0.646863	0.000181	14.199096	228.259750
518	1	2608.500000	601.982755	9	2.134446	4.517863	0.311304	0.307966	0.095356	0.654583	-0.000010	19.798880	284.047119
518	5	1188.000000	472.710677	7	3.041829	9.214764	0.774929	0.719300	0.537014	2.150848	0.003826	10.799776	223.490677
518	5	1546.000000	748.509666	10	6.950622	48.041243	5.548506	3.180342	13.179160	17.802551	-2.189274	16.520159	357.010010
518	5	791.000000	638.509666	12	10.443055	108.963619	38.793207	38.788330	1504.629155	404.343239	-0.002888	7.937527	303.978912
519	5	228.000000	210.426406	4	3.385832	11.431175	0.804720	0.797951	0.639421	2.696979	0.000099	3.738132	98.272339
519	5	555.500000	295.012193	4	2.865372	8.179283	0.199219	0.191867	0.037511	0.544643	-0.000096	5.767012	138.571930
519	5	449.500000	298.409161	4	2.799129	7.803037	1.980094	1.960948	3.864044	5.475958	0.000525	6.077702	135.445938
519	1	1391.000000	444.994948	10	2.633847	6.891328	0.203131	0.193857	0.038469	0.503701	0.000139	14.082872	205.293793
519	1	2461.000000	578.911687	8	2.157783	4.616176	0.334555	0.330854	0.110075	0.710793	-0.000012	19.000000	272.000000
519	5	1195.500000	533.438599	8	3.787117	14.238389	1.240966	0.732542	0.690469	2.329918	0.105210	14.625819	252.192566
519	5	952.500000	449.497474	5	3.872402	14.966504	0.170236	0.165851	0.027868	0.638317	0.000040	5.951381	215.728928
519	5	913.000000	703.338094	15	10.388921	107.827564	30.155596	29.619367	885.212299	305.896997	-0.824242	9.099313	334.020721
520	5	421.500000	235.698484	4	2.450979	5.975646	0.103476	0.100310	0.010220	0.244244	-0.000017	5.497293	111.220383
520	5	410.500000	259.923880	4	2.330716	5.401442	0.522561	0.515188	0.267311	1.197041	0.000050	5.793579	117.670837
520	1	1376.500000	419.580734	11	2.511952	6.263388	0.262669	0.261159	0.068401	0.652203	0.000019	14.274329	192.553711
520	1	2448.500000	585.154328	7	2.208307	4.836811	0.387501	0.383014	0.147556	0.842257	-0.000003	19.000000	276.000000
520	5	1257.500000	574.610172	6	4.346327	18.727171	1.745561	0.711918	0.740920	2.024340	0.284378	15.920133	273.103302
520	5	1094.000000	505.740114	5	4.490590	20.133199	0.795407	0.779182	0.613413	3.484483	0.000626	7.218563	242.787369
520	5	960.500000	759.379724	17	11.318012	127.993402	36.714489	36.176281	1318.422201	407.361793	-0.923253	9.315935	357.057098
526	6	263.500000	197.154328	8	2.105058	4.392892	0.003856	0.002213	0.000006	0.003768	-0.000001	5.639262	87.123024
526	6	934.000000	249.455844	3	0.814899	0.623130	0.235739	0.209593	0.046589	0.165448	0.000023	18.000000	112.000000
526	5	432.000000	263.941125	4	2.999857	8.963780	0.821945	0.798969	0.647464	2.383384	0.000998	5.802341	126.248138
526	5	274.000000	261.396969	9	3.281348	10.693597	0.546406	0.483477	0.248472	1.530850	0.003568	6.811754	111.043343
526	5	1011.500000	366.551297	5	2.190495	4.767045	0.194935	0.187111	0.035735	0.406536	0.000093	9.465626	165.904099
526	5	963.000000	490.651802	5	4.549991	20.671945	1.481809	1.472919	2.176027	6.694857	0.000228	6.274642	230.315460
526	5	1723.000000	741.396969	6	6.106589	37.205369	13.787022	13.348468	181.084565	80.692619	0.377384	12.048834	357.496338
527	6	484.500000	179.556349	3	0.837227	0.662652	0.199527	0.178625	0.033722	0.145398	-0.000033	12.000000	81.000000
527	5	324.000000	207.112698	4	2.322246	5.360388	0.651291	0.638185	0.411441	1.475220	0.000314	5.243451	97.228539
527	5	249.500000	243.296463	10	3.508534	12.228359	0.098039	0.022822	0.000677	0.014474	0.000841	6.181566	103.174408
527	5	1121.000000	416.936073	8	2.557195	6.507577	0.461728	0.449708	0.204922	1.142861	0.000286	9.403380	190.450775
527	5	1080.000000	548.793937	4	5.074050	25.714770	3.965516	3.947727	15.619625	20.013714	0.001131	6.247162	256.955597
527	5	1743.500000	746.124890	6	5.994715	35.874887	12.776576	12.588488	159.649476	75.056314	0.104949	11.377447	357.484833
528	5	337.500000	196.526911	5	2.068365	4.248170	0.047739	0.046735	0.002207	0.096294	0.000001	5.294481	92.535919
528	5	1142.500000	486.776692	12	3.060266	9.333504	0.273957	0.262800	0.070514	0.796340	0.000205	8.664968	219.083221
528	5	1198.000000	616.936073	4	5.699527	32.453436	8.079819	8.057097	65.008280	45.897066	0.001448	6.406796	289.510406
528	5	1395.000000	546.426406	5	4.059585	16.449220	1.944217	1.928601	3.734529	7.817111	-0.000736	7.916719	262.149506
537	6	2634.500000	888.007140	25	2.043507	3.957781	0.252016	0.227498	0.054466	0.448158	0.000864	27.259312	235.353271
537	6	3690.000000	1073.195958	13	1.177501	1.300274	0.010049	0.006388	0.000051	0.007257	0.000002	29.907999	244.991623
537	5	1467.000000	509.455844	6	3.487406	12.131979	1.229603	1.222007	1.497935	4.256005	0.000089	8.019747	248.136581
537	6	3185.000000	891.906635	16	1.841298	3.276657	0.389611	0.329645	0.118133	0.594831	-0.001020	31.244757	264.960876
537	5	1929.500000	676.953318	5	4.229664	17.856659	4.070179	4.032940	16.339523	17.026327	0.004308	9.524350	322.366486
537	5	1767.500000	671.663994	4	4.591047	21.046307	5.770148	5.746054	33.086285	26.360709	-0.000155	8.384349	314.166443
537	6	2305.000000	786.960458	29	3.553132	12.566850	0.519263	0.517896	0.268570	1.835627	0.000326	17.519934	339.247070
538	6	2071.000000	761.480229	22	1.906102	3.407959	0.167607	0.147779	0.023251	0.269113	0.000531	25.280464	200.245605
538	6	2965.000000	916.852812	11	1.068014	1.057097	0.004102	0.002027	0.000006	0.002070	0.000000	27.000000	208.000000
538	5	1128.000000	437.112698	6	3.250930	10.538895	0.654838	0.649692	0.423768	2.109118	0.000010	7.239101	211.175781
538	6	2476.500000	759.178713	14	1.713531	2.820534	0.252722	0.204542	0.046501	0.342241	-0.000579	29.001591	224.048752
538	5	2065.000000	746.367531	5	4.774347	22.758826	8.839083	8.778796	77.331429	41.849096	0.013680	9.961966	356.291412
538	5	1938.500000	751.462984	4	5.080113	25.777019	8.684459	8.658349	75.079955	43.959355	-0.000139	8.056262	352.461426
538	6	2578.500000	848.801077	32	3.858785	14.840411	0.889183	0.889964	0.791689	3.428413	-0.000403	15.972938	361.464783
547	5	836.500000	401.355338	5	3.663983	13.393938	0.814170	0.805421	0.652216	2.945221	-0.000189	6.364207	193.079651
547	5	1992.500000	771.663994	9	5.056367	25.279402	16.889934	15.221450	244.042989	73.940033	-2.946780	24.447746	358.232391
547	5	804.000000	333.254833	5	2.535324	6.398696	0.001091	0.001006	0.000001	0.002533	0.000000	6.538621	157.883575
548	5	456.000000	263.882250	5	2.590304	6.680787	0.174996	0.173134	0.030136	0.447479	0.000002	5.221509	122.183304
548	5	648.500000	333.012193	5	3.138770	9.820574	0.689501	0.681751	0.467419	2.135271	-0.000116	6.124105	158.050659
548	5	1532.000000	498.024385	5	2.898876	8.373394	0.368190	0.363528	0.132997	1.051601	0.000034	9.158500	232.168549
548	5	950.500000	403.497474	4	3.243409	10.490261	0.080548	0.079656	0.006381	0.257894	-0.000001	6.469713	192.098816
549	5	279.500000	179.840620	4	1.938059	3.726918	0.024965	0.024362	0.000601	0.046940	0.000001	4.697903	82.559273
549	5	444.000000	239.112698	4	2.347778	5.481212	0.108982	0.104416	0.011138	0.242831	-0.000033	5.490470	113.150116
549	5	1608.000000	570.710677	7	3.554340	12.598178	0.598589	0.564858	0.328449	1.982522	0.001606	11.377727	270.137726
549	5	1084.500000	496.811182	5	4.351601	18.906486	0.642250	0.638863	0.409227	2.777425	-0.000029	6.197474	238.004700
577	5	284.500000	180.384776	4	2.110077	4.422233	0.019055	0.018626	0.000351	0.038979	-0.000000	4.631581	85.230179
577	5	441.500000	346.610172	4	4.738912	22.426454	0.831434	0.827998	0.687002	3.920723	-0.000028	4.197859	162.774124
577	6	797.500000	391.781745	8	3.373513	11.336874	1.532422	1.514833	2.308003	5.097438	-0.000633	9.162890	183.199036
577	5	388.500000	262.811182	6	2.796240	7.784613	0.009807	0.001708	0.000002	-0.000813	-0.000007	6.171128	121.334167
577	1	2450.000000	506.568542	11	1.786245	3.153478	0.163970	0.160651	0.026074	0.285284	-0.000002	19.158298	234.085861
577	5	1131.500000	564.953318	8	4.936460	24.245933	0.828319	0.128351	0.000135	-0.217997	-0.041850	13.391318	265.540100
578	5	409.500000	334.610172	3	4.782880	22.845030	0.755289	0.752394	0.567185	3.595774	-0.000024	4.027390	157.332077
578	6	731.000000	383.195958	7	3.430938	11.727765	1.030132	1.016331	1.039918	3.476351	-0.000518	8.745698	178.032211
578	1	2257.500000	507.497474	9	1.863004	3.432327	0.143577	0.140859	0.020032	0.260962	0.000002	18.110615	236.082413
578	5	432.500000	313.497474	7	3.594815	12.881579	2.406952	2.352154	5.596700	8.393555	0.006598	5.708072	147.660919
578	5	1163.000000	609.195958	7	5.719939	32.523450	1.679788	0.191458	-0.097842	-1.034545	0.047072	14.898028	288.440613
579	5	436.000000	350.024385	4	4.992337	24.892307	0.209401	0.208039	0.043422	1.037118	-0.000007	4.109975	164.563385
579	6	828.500000	407.296463	9	3.502627	12.223872	0.817512	0.804673	0.652643	2.808817	-0.000411	9.067858	191.239258
579	1	2492.000000	540.911687	7	1.912902	3.621240	0.168804	0.165788	0.027734	0.315475	0.000001	19.000000	254.000000
579	5	469.500000	333.639609	6	3.742479	13.966337	1.942576	1.897451	3.642878	7.048900	0.004547	5.560190	155.463760
579	5	1248.500000	643.781745	8	5.981858	35.588203	1.788854	0.221372	-0.084732	-1.009503	-0.110575	16.319595	304.321960
580	5	406.000000	342.367531	4	5.163488	26.629525	0.496986	0.495178	0.245649	2.555178	-0.000007	3.933509	161.111710
580	6	800.000000	396.367531	8	3.437877	11.774301	0.819844	0.808601	0.658365	2.771542	-0.000285	9.545170	186.096451
580	1	2347.000000	520.083260	7	1.895401	3.554305	0.133224	0.130634	0.017234	0.246280	-0.000001	19.000000	244.000000
580	5	554.500000	385.438599	8	4.612508	21.236209	1.314686	1.295730	1.691153	5.950947	0.001014	5.511744	179.626114
580	5	1273.500000	692.267026	10	6.860432	46.794876	2.946070	0.351993	-0.261051	-2.033401	0.245631	16.608177	327.217590
583	5	260.000000	245.396969	3	4.157128	17.247592	0.138653	0.135512	0.018575	0.560609	-0.000022	3.781176	114.586082
583	5	518.500000	301.840620	5	3.152881	9.910046	0.472332	0.467590	0.219747	1.471551	-0.000032	5.564046	142.672134
583	6	619.500000	313.438599	7	3.049208	9.247394	0.938802	0.944554	0.889462	2.871281	0.000204	10.162327	143.188034
583	1	2187.500000	524.669047	8	2.022911	4.051344	0.263007	0.258071	0.067234	0.519444	-0.000002	19.000000	246.000000
583	5	702.500000	498.124890	8	6.845323	46.654093	2.569773	1.483557	2.859414	8.535788	0.463291	11.647239	237.170517
583	5	693.000000	431.941125	4	4.665662	21.737770	0.442869	0.435178	0.191046	2.020001	-0.000155	5.123356	210.237839
584	5	210.500000	216.325901	6	3.970114	15.724596	0.012559	0.011840	0.000144	0.046679	-0.000001	3.616778	99.461388
584	5	462.000000	272.769552	6	2.954488	8.697649	0.621993	0.615307	0.380655	1.813933	-0.000072	5.306909	129.547836
584	5	527.000000	286.367531	8	2.522351	6.321362	2.132227	2.112126	4.482253	5.307076	-0.001700	7.351610	130.367401
584	1	2075.000000	503.254833	7	1.894155	3.547580	0.314138	0.308356	0.095971	0.580787	-0.000003	19.000000	235.000000
584	5	742.500000	532.752307	8	7.114775	50.347318	2.712549	0.946250	1.341568	3.819456	0.705999	13.154851	250.122009
584	5	741.000000	462.426406	4	4.905256	24.027651	0.960187	0.938937	0.891522	4.573729	-0.001060	5.547880	223.317413
679	5	248.000000	251.254833	5	3.985222	15.801320	22.155181	21.972198	484.783576	87.279128	-0.132655	5.569067	118.077087
679	5	703.000000	400.936073	6	3.530706	12.433939	0.421869	0.420855	0.177332	1.483972	-0.000001	6.281501	180.148071
679	1	2210.000000	533.965510	15	2.178510	4.705155	0.008556	0.004778	0.000030	0.008359	0.000005	17.932779	244.470261
679	5	332.500000	308.325901	7	4.705946	22.077630	17.424487	17.264208	299.433217	81.100214	0.046839	6.290812	143.103790
679	6	1458.500000	437.605119	26	1.706936	2.874764	0.389339	0.377983	0.145001	0.638169	-0.000145	15.338988	181.360992
679	5	1656.500000	756.066015	8	6.234672	38.602024	6.138643	4.203802	21.270929	22.823075	1.893048	18.580204	357.227936
679	1	3139.000000	649.396969	8	2.180775	4.715098	0.451966	0.447242	0.201079	0.971152	-0.000001	21.000000	305.000000
679	5	2135.000000	747.539104	6	4.878716	23.678571	3.163777	2.493176	6.995685	11.294617	-0.301156	17.142906	357.202911
679	6	1376.000000	552.475177	30	2.239871	4.942570	5.477684	5.371181	29.134196	11.939058	-0.019911	18.783695	201.997406
681	5	342.000000	185.455844	5	1.805329	3.229693	0.061995	0.060267	0.003684	0.108196	0.000003	5.380592	87.254341
681	5	540.000000	237.455844	5	1.904764	3.598251	0.103324	0.100961	0.010312	0.191417	-0.000005	6.600932	111.328331
681	5	372.500000	249.095453	4	2.517941	6.307811	0.299132	0.297067	0.088555	0.746091	-0.000003	5.349945	112.914909
681	6	223.500000	169.698484	6	2.277739	5.128569	1.373838	1.328582	1.794940	3.003760	0.002305	6.000000	80.000000
681	6	1659.000000	428.450791	11	1.978279	3.868940	0.240029	0.240498	0.057783	0.473032	0.000023	17.010988	191.154770
681	1	2987.500000	641.154328	7	2.198758	4.792719	0.586363	0.580523	0.338698	1.270894	-0.000010	21.000000	300.000000
681	6	756.500000	279.521859	15	1.169733	1.332882	0.000048	0.000002	-0.000000	-0.000002	-0.000000	13.111595	114.003258
681	5	1389.000000	562.367531	6	4.298149	18.427305	2.240946	2.135696	4.672204	9.083318	-0.017526	11.099257	266.505737
681	5	1514.000000	508.911687	5	3.173650	10.043439	0.126312	0.124603	0.015632	0.394627	0.000005	8.057775	243.020798
681	6	1516.000000	377.622364	19	0.880771	0.734239	0.243226	0.227016	0.053344	0.194522	-0.000030	19.644829	143.397263
