x
-1 1
1 -0.213745 0.003584
2 -0.205518 0.153169
3 -0.214339 0.178869
4 -30.549 36.138005
5 -35.276001 37.784001
6 -26.193066 47.174129
7 -48.378597 40.894787
8 -25.131496 47.080147
9 -49.321938 40.88092
10 -25.320923 48.828239
11 -49.739948 40.846008
12 0 241
13 0 243
14 0 4.693371
15 0 3.782922
16 -26.633469 48.289085
17 -48.567604 40.191475
18 -24.782839 48.219894
19 -48.914139 40.180164
20 -24.831985 48.760799
21 -49.90551 40.154816
22 0 240
23 0 247
24 0 4.311806
25 0 3.911325
26 -26.529001 49.4692
27 -48.459499 40.247467
28 -24.362024 49.292885
29 -49.350746 40.247467
30 -24.388199 49.322937
31 -49.782837 40.247467
32 0 243
33 0 249
34 0 4.186504
35 0 4.510499
36 0.163325 3.614572
37 0 12.997952
38 0 6.87378
39 0 3.047568
40 -0.439984 13.188669
41 -0.871436 5.440291
42 -3.666874 4.540937
43 0 3988
44 0 3980
45 0 3980
