1007
700	395	1	0.918052	1.375372	
512	398	1	1.328073	3.115794	
519	398	1	1.253645	3.032653	
521	398	1	1.391099	3.039025	
524	398	1	1.321460	0.054035	
529	398	1	1.209860	0.064863	
533	398	1	1.289125	0.139362	
602	398	1	1.482822	3.132390	
607	398	1	1.416615	0.064734	
611	398	1	0.732229	0.340959	
613	398	1	1.325410	0.226342	
631	398	1	0.931698	3.102041	
635	398	1	1.062668	0.129861	
702	398	1	1.572338	0.000014	
703	398	1	1.374966	3.141593	
704	398	1	1.242781	3.041918	
706	398	1	1.329386	3.041933	
707	398	1	1.501905	3.141593	
708	398	1	1.514419	0.179850	
711	398	1	1.100121	2.677945	
712	398	1	1.351505	0.380501	
722	398	1	0.781674	2.076504	
509	399	1	0.532871	3.115802	
536	399	1	1.249195	3.115790	
538	399	1	1.233742	0.171609	
540	399	1	1.271615	3.115789	
543	399	1	1.369003	0.126848	
545	399	1	1.320991	0.229390	
609	399	1	0.606744	2.980936	
618	399	1	1.382015	0.143445	
622	399	1	1.252105	3.092720	
700	399	1	1.468874	2.792828	
701	399	1	0.870095	0.148494	
550	400	1	1.383457	0.126850	
563	400	1	1.326750	0.226340	
616	400	1	1.003075	2.986122	
623	400	1	1.504583	0.194816	
645	400	1	0.863990	3.127475	
651	400	1	1.012063	0.019200	
655	400	1	1.012063	0.019200	
693	400	1	0.746507	0.152890	
698	400	1	1.370931	2.699226	
699	400	1	1.355548	2.704975	
700	400	1	2.161399	1.223405	
703	400	1	0.817158	0.524729	
704	400	1	1.072479	0.549890	
717	400	1	0.821976	2.908440	
719	400	1	0.592522	2.554976	
726	400	1	1.215996	2.700143	
728	400	1	0.810945	1.798117	
553	401	1	1.266168	0.139359	
555	401	1	1.343245	0.269644	
568	401	1	1.521431	0.059656	
629	401	1	1.331312	0.312548	
688	401	1	2.351367	1.315917	
692	401	1	1.474353	1.330146	
696	401	2	1.462449	2.601169	2.279497	0.015144	
697	401	1	1.439518	2.634491	
700	401	1	0.888308	1.026013	
705	401	1	1.111004	0.470247	
711	401	1	0.829928	2.991596	
712	401	1	0.762395	0.128303	
713	401	1	0.730386	0.171755	
718	401	1	0.858477	0.094983	
721	401	1	0.781674	2.076504	
723	401	1	1.195405	2.991591	
725	401	1	1.215996	2.700143	
560	402	1	1.342449	0.289418	
574	402	1	1.409431	0.097531	
580	402	1	1.450544	2.934993	
668	402	1	1.304926	3.059486	
670	402	1	1.146272	0.060514	
673	402	1	1.357103	2.870198	
676	402	1	1.174181	0.216005	
679	402	1	1.235747	0.200298	
684	402	1	1.270468	2.303625	
688	402	1	1.083877	2.816921	
689	402	1	1.762182	2.559192	
690	402	1	1.147267	0.042703	
692	402	1	1.156369	0.108770	
696	402	1	1.347876	2.677945	
699	402	1	0.363427	1.303696	
703	402	1	0.906645	2.991593	
705	402	1	0.997165	3.062901	
707	402	1	0.919919	3.068372	
708	402	2	0.800177	3.074725	1.241567	0.313651	
709	402	1	0.812259	2.908441	
714	402	1	1.310723	2.991592	
716	402	1	0.816365	2.725340	
717	402	1	1.242005	3.039171	
718	402	1	1.234488	2.642817	
719	402	2	1.009553	0.313669	1.312103	3.082250	
720	402	1	0.966981	2.794205	
721	402	1	1.111873	2.991593	
727	402	1	0.975104	1.723080	
537	403	1	1.075031	0.141859	
543	403	1	1.244085	0.051629	
549	403	1	1.336468	3.072041	
553	403	1	1.286390	0.113556	
556	403	1	1.132691	3.130803	
559	403	1	1.232699	3.130797	
562	403	1	1.262870	3.130797	
565	403	1	1.238493	0.121754	
577	403	1	1.452722	0.171593	
579	403	1	1.544085	0.051620	
581	403	1	1.313406	0.060514	
582	403	1	1.372825	0.121756	
584	403	1	1.416613	0.072342	
590	403	1	1.272855	0.332235	
598	403	1	1.388284	3.130791	
600	403	1	1.300975	0.065971	
601	403	1	1.307757	3.130805	
604	403	1	1.560655	3.130792	
606	403	1	1.135012	0.088878	
612	403	1	1.199196	0.088860	
617	403	1	1.257663	0.079865	
620	403	1	1.313209	3.066369	
623	403	1	1.459915	0.079864	
625	403	1	1.503913	0.079865	
626	403	2	1.383170	3.130800	1.248550	3.130799	
628	403	1	1.253047	0.072342	
629	403	2	1.290418	0.169058	1.244837	0.055773	
630	403	1	1.336221	0.369712	
632	403	1	1.165731	3.130803	
634	403	1	1.331312	0.312548	
635	403	1	1.300580	3.130789	
638	403	1	1.171429	0.060515	
641	403	1	1.389500	3.072041	
644	403	1	1.228336	0.060515	
647	403	1	1.211448	0.060503	
650	403	1	1.167775	3.059486	
653	403	1	1.293170	3.130797	
656	403	1	1.209572	3.059499	
659	403	1	1.247932	3.130789	
662	403	1	1.323162	3.064232	
665	403	1	1.143400	3.130792	
680	403	1	1.277623	2.976444	
682	403	2	1.297432	2.976448	1.154093	0.141856	
684	403	1	1.172415	0.287698	
685	403	1	1.297432	2.976448	
692	403	3	1.277061	2.850133	1.722775	3.041925	1.335970	2.991591	
694	403	1	1.579927	2.601181	
698	403	1	0.661553	0.357106	
700	403	1	0.661553	0.357106	
701	403	1	0.977723	2.991586	
704	403	1	0.970272	2.849698	
709	403	1	1.141232	2.891938	
711	403	1	1.211107	3.091253	
712	403	2	1.190980	0.147911	0.900487	0.148505	
713	403	1	1.093670	2.891938	
716	403	1	1.234488	2.642817	
728	403	1	0.942894	1.017537	
462	404	1	1.431683	0.164752	
486	404	1	1.106455	3.000926	
490	404	1	1.106455	3.000926	
505	404	1	1.420125	0.017658	
510	404	1	1.407376	3.115797	
515	404	1	1.397266	3.115790	
517	404	1	1.384058	3.115802	
520	404	1	1.415761	0.064862	
522	404	1	1.417997	3.049228	
523	404	1	1.360282	3.115803	
525	404	1	1.297517	3.115795	
527	404	1	1.532608	0.091320	
528	404	1	1.244782	3.089153	
529	404	1	1.427136	0.159555	
530	404	1	1.308779	0.073872	
540	404	1	1.201166	3.006436	
546	404	1	1.133484	3.059486	
566	404	1	1.211907	3.044490	
567	404	1	1.262674	3.115802	
568	404	2	1.459054	3.115792	1.259100	0.113554	
570	404	1	1.464463	3.039025	
571	404	2	1.291280	3.005133	1.211210	3.130800	
572	404	1	1.269175	2.950637	
574	404	1	1.247869	3.130797	
575	404	1	1.561149	3.016142	
577	404	1	1.226760	3.130797	
578	404	1	1.336561	0.057346	
579	404	1	1.690142	0.073871	
580	404	1	1.468487	0.050978	
581	404	2	1.341350	0.126850	1.267632	3.130789	
582	404	1	1.509016	3.115789	
583	404	1	1.436872	0.219186	
584	404	2	1.285904	0.064864	1.165101	3.130799	
585	404	2	1.316834	0.154065	1.379691	0.051620	
587	404	1	1.513211	2.859851	
588	404	2	1.552009	3.115803	1.408764	0.060515	
589	404	1	1.279391	0.171609	
590	404	2	1.536257	0.139346	1.350609	3.130802	
591	404	1	1.291572	3.130789	
592	404	1	1.350485	3.130800	
593	404	1	1.159144	0.055774	
594	404	1	1.303010	3.054023	
595	404	1	1.348636	3.059486	
596	404	1	1.210956	2.998244	
597	404	1	1.448591	3.064234	
599	404	1	1.260551	3.130800	
600	404	1	1.473212	3.129553	
601	404	1	1.473337	3.125096	
602	404	3	1.476624	0.019204	1.327397	3.130794	1.358893	0.051620	
605	404	2	1.290091	0.079864	1.215173	3.130797	
607	404	2	1.465170	0.019204	1.232755	3.040145	
608	404	2	1.212407	0.079862	1.372240	3.130797	
609	404	1	1.279182	3.130800	
611	404	1	1.159595	0.088864	
612	404	2	1.428204	0.057650	1.182546	3.130791	
613	404	1	1.199788	3.031140	
614	404	2	1.292129	3.130797	1.177812	3.130803	
615	404	1	1.387590	3.047646	
616	404	1	1.316439	3.130800	
617	404	1	1.291327	3.064222	
618	404	1	1.304643	0.047957	
619	404	1	1.400806	0.072344	
620	404	1	1.401562	3.047659	
621	404	1	1.112399	0.372191	
622	404	1	1.295613	3.031140	
623	404	1	1.320101	3.040131	
624	404	1	1.217212	3.130797	
625	404	1	1.360348	3.130794	
626	404	1	1.269462	3.040142	
627	404	1	1.196712	0.088878	
629	404	2	1.316696	0.151754	1.398618	3.130800	
631	404	1	1.346797	0.141844	
632	404	1	1.444145	3.031140	
633	404	1	1.448644	2.933404	
634	404	1	1.453834	3.130820	
635	404	1	1.568944	3.130759	
655	404	1	1.273406	3.130802	
657	404	1	1.273406	3.130802	
659	404	1	1.399617	0.169058	
660	404	1	1.857484	3.032475	
665	404	1	1.210892	2.923301	
667	404	1	1.290587	0.019199	
676	404	1	1.606578	2.677945	
677	404	2	1.242489	0.090665	1.212675	2.976460	
680	404	2	1.090895	3.141593	1.023335	2.944200	
682	404	2	1.329094	0.083148	1.270468	2.303625	
684	404	1	1.787450	2.984996	
685	404	1	1.487149	2.896626	
686	404	1	1.502122	3.058447	
687	404	1	1.172415	0.287698	
688	404	3	1.332069	3.041925	1.232924	2.961744	1.722775	3.041925	
689	404	3	1.300043	2.930507	0.660539	2.031515	1.806921	2.333700	
691	404	1	1.205595	0.090665	
693	404	1	1.437887	0.165149	
697	404	1	1.226325	0.090651	
702	404	1	2.366417	0.635391	
705	404	1	1.170467	2.891919	
706	404	2	0.663447	0.438006	1.315100	2.900929	
708	404	1	1.202000	3.050941	
709	404	1	0.763100	0.015139	
710	404	3	1.202000	3.050941	0.908811	0.047405	0.901857	2.925031	
711	404	2	0.954374	3.115954	0.912997	2.891938	
712	404	3	0.880932	0.029853	0.744356	2.991610	1.241567	0.313651	
713	404	2	0.906736	3.082252	1.079685	2.826457	
715	404	2	0.899231	0.285649	1.038249	2.620702	
718	404	1	1.014611	0.280063	
467	405	1	1.374974	0.145494	
480	405	1	1.359463	3.118542	
482	405	1	1.012225	2.924742	
490	405	1	1.273264	0.010911	
495	405	1	1.209526	0.053718	
499	405	1	1.457143	3.087983	
502	405	1	1.211916	0.026356	
505	405	2	1.486098	3.048386	1.457143	3.087983	
506	405	1	1.211916	0.026356	
518	405	1	1.464973	3.057042	
532	405	1	1.439030	0.064864	
534	405	1	1.624044	3.115790	
535	405	1	1.448568	0.139362	
537	405	2	1.396722	0.171608	1.164686	3.029058	
538	405	1	1.455459	3.115793	
539	405	1	1.420170	3.115789	
541	405	1	1.577705	0.171609	
542	405	2	1.271793	0.054035	1.651817	0.394096	
543	405	1	1.364272	3.115792	
544	405	1	1.433074	3.115803	
545	405	1	1.302139	3.060299	
546	405	1	1.264506	3.039022	
547	405	2	1.223789	3.115790	1.225236	0.232973	
548	405	1	1.467289	0.073871	
549	405	1	1.409216	0.036624	
550	405	1	1.348450	0.073871	
552	405	1	1.397535	3.115790	
554	405	1	1.454428	3.115792	
555	405	1	1.604617	3.053379	
557	405	1	1.415846	3.115802	
558	405	1	1.375310	3.115802	
559	405	1	1.536687	3.016132	
560	405	1	1.576146	3.049228	
563	405	1	1.337974	3.115790	
564	405	1	1.437031	3.044490	
565	405	1	1.222939	2.998692	
566	405	1	1.360081	2.963150	
569	405	1	1.463316	3.115803	
571	405	1	1.404538	0.026785	
577	405	1	1.372723	0.047966	
578	405	1	1.372854	3.130804	
579	405	1	1.315646	0.064864	
581	405	1	1.310299	0.057346	
582	405	1	1.288327	3.130797	
583	405	1	1.316913	3.130794	
584	405	1	1.366683	0.057345	
585	405	1	1.442649	3.130791	
586	405	1	1.551547	3.115791	
587	405	2	1.555911	3.039025	1.372953	3.130793	
588	405	1	1.326827	3.115803	
589	405	2	1.293112	3.115787	1.287903	3.068379	
590	405	1	1.291302	0.051621	
591	405	2	1.400089	0.024165	1.339161	3.115789	
592	405	2	1.337219	0.036625	1.362654	3.130795	
593	405	2	1.374181	3.115803	1.329870	3.115803	
594	405	1	1.381513	0.113566	
595	405	2	1.593750	3.115791	1.391938	0.051621	
596	405	2	1.988650	3.115803	1.297291	3.115788	
597	405	1	1.191521	3.115776	
598	405	2	2.302359	3.115803	1.319187	3.115802	
599	405	1	1.266240	3.130799	
600	405	3	1.333717	3.115790	1.368029	3.013691	0.902209	0.084152	
602	405	3	1.141346	3.061127	1.361616	0.047956	1.014076	2.180240	
603	405	2	1.431656	0.050977	1.475447	0.106316	
605	405	3	1.451402	3.032654	1.384345	0.051630	1.227237	0.186599	
606	405	2	0.811501	1.345009	1.456316	0.019204	
607	405	1	1.337345	3.130789	
608	405	1	1.461834	0.126861	
610	405	2	1.263238	3.115789	1.346309	3.130800	
611	405	2	1.367001	0.019202	1.378128	3.068381	
613	405	3	1.263238	3.115789	1.209720	0.060514	1.208964	3.130794	
614	405	1	1.364975	3.130789	
615	405	1	1.172551	3.130789	
616	405	2	1.501361	0.019205	1.462195	3.089149	
617	405	2	1.459865	0.019204	1.468710	3.130797	
619	405	1	1.223279	3.130802	
620	405	1	1.296453	3.130799	
621	405	2	1.494033	0.028818	1.278751	3.130800	
622	405	2	1.455037	0.095971	1.318164	0.055772	
623	405	2	1.303509	3.130800	1.195762	0.088861	
625	405	2	1.304589	3.025266	1.405188	3.068379	
626	405	1	1.315689	3.064222	
628	405	2	1.412266	0.059185	1.300564	3.130790	
629	405	2	1.402305	0.051620	1.251619	0.039161	
630	405	1	0.931678	0.077962	
631	405	2	1.278130	3.130799	1.285720	0.088861	
633	405	3	0.956639	0.019203	1.292849	3.130802	1.209488	3.130796	
634	405	1	1.341508	0.060515	
637	405	4	1.304411	3.117352	1.396176	3.068372	1.377863	3.130801	1.051419	3.047646	
638	405	1	1.417313	3.130797	
639	405	3	1.316625	0.000013	0.976497	0.019205	1.124585	3.130792	
640	405	3	1.378016	3.130799	1.384338	3.130786	1.064122	3.047659	
641	405	2	1.387036	3.141593	1.346405	3.130799	
642	405	2	1.238153	3.113211	1.064122	3.047659	
643	405	3	1.487842	3.122356	1.321771	3.130800	1.445816	3.130797	
644	405	2	1.267800	0.083148	1.880173	0.055773	
645	405	1	1.269859	0.019202	
646	405	3	1.255556	3.141593	0.874063	0.085771	1.266371	3.070138	
647	405	2	1.230501	3.130792	0.914715	3.064234	
648	405	2	1.316790	0.000006	1.379990	0.184353	
649	405	1	1.222481	3.080840	
650	405	4	1.136001	0.019204	1.342637	3.085371	1.176509	2.972140	1.445225	2.965643	
653	405	2	1.323752	3.141593	1.211775	0.039161	
654	405	2	1.857484	3.032475	1.141714	3.110834	
655	405	1	1.178193	0.088864	
656	405	1	1.295374	3.058460	
657	405	1	1.248287	3.080840	
658	405	2	1.252649	3.058447	1.236689	3.115372	
661	405	2	1.333600	0.000013	1.210892	2.923301	
663	405	2	1.349827	0.054005	1.140153	3.110842	
670	405	1	1.258968	2.976448	
671	405	1	1.021212	2.572786	
673	405	2	0.913682	2.930496	1.230630	3.050939	
674	405	1	1.606578	2.677945	
675	405	4	1.041440	2.966925	1.366761	2.976448	1.123281	2.761079	0.880183	3.030938	
676	405	2	0.902469	2.999697	1.130540	3.041933	
677	405	2	0.967163	0.062422	0.847582	2.910503	
678	405	3	1.481241	3.070291	0.780393	3.141593	0.959479	2.819844	
679	405	3	1.344927	3.058447	0.831243	0.071310	0.938411	0.047586	
680	405	2	1.421249	3.141593	1.700058	3.036719	
681	405	2	0.855357	0.152660	1.007328	0.132559	
682	405	2	1.426089	3.086099	0.932004	0.291464	
683	405	2	1.412656	2.976444	0.905389	0.298508	
684	405	2	1.007328	0.132559	1.227493	0.090665	
686	405	1	1.344800	2.961743	
695	405	1	1.199182	3.041933	
696	405	1	1.034030	0.524742	
698	405	2	1.026800	0.746067	1.337505	3.074738	
699	405	1	1.281872	0.000014	
700	405	1	1.098248	2.693087	
701	405	2	1.038996	0.029866	1.201301	2.891930	
702	405	2	1.250142	3.017239	1.185007	0.076795	
703	405	3	1.123690	2.746618	0.984452	3.074726	1.279130	2.991591	
704	405	2	2.223991	2.492247	1.134407	2.991589	
705	405	1	1.199346	0.061093	
706	405	2	0.911018	2.891930	0.985758	3.054019	
707	405	3	1.915530	2.206199	1.032380	2.900950	1.203265	3.133479	
708	405	3	1.081217	2.991587	1.150316	2.914816	1.201051	0.128305	
709	405	1	1.036617	2.826430	
712	405	1	1.040089	0.002656	
713	405	2	1.449610	2.451170	0.980550	0.544748	
715	405	1	1.274113	0.390439	
720	405	1	1.460006	0.355847	
727	405	1	1.038244	1.616714	
730	405	1	1.323740	0.937694	
464	406	1	0.900194	0.107870	
467	406	1	1.099526	0.104895	
472	406	1	1.438583	0.028127	
475	406	2	1.054590	0.046455	1.119648	3.035396	
477	406	1	1.443565	0.132416	
479	406	1	0.987380	2.958625	
483	406	1	0.946129	3.118536	
487	406	1	1.023092	0.046455	
494	406	2	0.989385	0.013232	1.486098	3.048386	
498	406	1	1.171384	3.035403	
527	406	1	1.287706	3.115797	
532	406	1	1.372976	2.963150	
540	406	1	1.230953	2.782026	
549	406	1	1.174146	0.280661	
551	406	1	1.346132	0.065971	
554	406	1	1.339510	3.130797	
555	406	1	1.463057	3.020141	
556	406	1	1.131488	3.083214	
558	406	2	1.273715	0.113556	1.247530	3.130797	
560	406	1	1.625238	0.287704	
562	406	1	1.354353	3.054024	
565	406	1	1.230923	3.130801	
567	406	2	1.288887	3.130794	1.226197	0.079865	
569	406	1	1.153177	2.950939	
570	406	1	1.405313	0.027649	
571	406	1	1.337160	0.072342	
573	406	1	1.378614	0.121753	
574	406	1	1.116833	0.088878	
575	406	1	1.260059	3.068370	
576	406	2	1.234934	3.130801	1.093003	3.130797	
578	406	2	1.368661	3.130794	1.165855	0.104080	
580	406	1	1.350438	3.072041	
581	406	1	1.244869	3.040128	
583	406	1	1.185691	0.079865	
585	406	1	1.175873	0.079864	
586	406	1	1.335067	3.115789	
587	406	1	1.414053	3.130798	
590	406	2	1.246285	3.115796	1.206326	2.950934	
592	406	1	1.099429	0.280653	
593	406	1	1.046041	3.045291	
594	406	2	1.412913	3.090818	1.202535	3.056855	
595	406	2	1.268341	3.115802	0.820980	3.080840	
597	406	2	1.268341	3.115802	1.363346	3.006437	
599	406	4	1.112031	3.115787	1.555012	0.131103	0.802371	3.059486	1.289562	0.044705	
600	406	1	1.202535	3.056855	
605	406	1	0.902209	0.084152	
606	406	1	1.319399	3.130792	
607	406	1	1.287339	3.040129	
608	406	1	1.281052	3.130792	
609	406	2	1.115284	3.130799	1.034743	3.130787	
610	406	1	1.331549	0.099861	
611	406	2	1.216691	3.130797	1.071911	2.950953	
613	406	2	0.892046	0.088860	0.972079	3.040143	
615	406	3	1.163784	0.072355	1.202191	2.978149	0.949413	3.130801	
617	406	3	1.096663	3.130797	0.881796	0.088863	1.285025	0.044705	
618	406	1	1.277428	3.130792	
619	406	1	0.952071	0.079865	
620	406	2	1.092900	0.032649	1.129568	3.130797	
621	406	1	1.430925	3.130790	
623	406	1	1.213747	3.054023	
624	406	3	0.916193	0.088876	1.032074	3.130797	1.303840	2.965650	
625	406	2	1.215930	3.080839	1.132753	0.072342	
626	406	1	0.987730	3.130797	
627	406	1	1.200025	3.031122	
628	406	2	1.150488	3.130797	1.370124	0.044706	
629	406	1	0.951037	3.130787	
630	406	1	1.422956	3.068381	
631	406	1	0.907887	2.839342	
632	406	1	1.285222	0.041787	
633	406	4	1.481513	0.057644	1.350746	0.039161	1.174300	3.130795	1.002993	3.087349	
635	406	3	1.346588	0.088864	1.295115	3.040128	1.543338	3.130797	
637	406	1	1.450205	3.130800	
638	406	3	1.020320	2.963401	1.356040	3.036440	1.174300	3.130795	
639	406	1	1.315400	3.130792	
640	406	1	1.354559	3.058460	
641	406	1	1.470230	3.130800	
642	406	1	1.379170	0.060848	
643	406	3	1.313589	3.058458	1.580228	3.040131	1.315400	3.130792	
645	406	2	1.214154	3.141593	1.176509	2.972140	
647	406	2	1.227492	0.090665	1.479529	3.084023	
649	406	1	1.448364	0.083148	
652	406	3	1.323321	3.141593	0.851864	0.019201	1.481899	0.059185	
653	406	1	1.379990	0.184353	
654	406	1	1.531967	3.070291	
657	406	2	1.418359	3.141593	1.479752	3.084023	
658	406	1	0.320493	1.970503	
659	406	1	1.322780	3.141593	
662	406	1	1.541609	0.056223	
664	406	1	1.281873	0.000015	
666	406	1	1.329709	3.141593	
668	406	2	1.541609	0.056223	1.021212	2.572786	
669	406	1	1.548929	3.141593	
671	406	1	1.199457	0.099675	
672	406	1	0.898659	2.709186	
673	406	2	1.451868	2.914800	1.355421	2.677955	
675	406	1	0.913859	2.863286	
676	406	2	1.322669	0.090665	1.823547	2.896614	
678	406	1	1.538956	3.141593	
681	406	1	1.309158	0.291460	
683	406	1	1.450938	0.165144	
686	406	1	0.620851	0.214059	
690	406	1	1.168686	0.230505	
692	406	1	1.213799	0.047403	
694	406	1	1.158819	3.091255	
696	406	1	1.189171	2.794184	
697	406	1	1.233688	3.058165	
698	406	1	1.401936	0.230510	
699	406	1	1.120299	0.438006	
700	406	1	0.955276	2.991591	
701	406	1	1.151174	0.148494	
702	406	1	1.721214	1.884437	
704	406	3	1.164965	3.082252	0.942612	3.082252	2.366417	0.635391	
706	406	1	1.164965	3.082252	
709	406	1	1.551517	2.693097	
711	406	1	1.262545	2.527942	
723	406	1	1.460006	0.355847	
464	407	1	1.472014	0.182782	
471	407	1	0.962858	2.995427	
479	407	1	1.074143	3.106708	
483	407	1	1.508693	3.135065	
488	407	1	1.490438	3.112167	
490	407	1	1.102569	2.893504	
545	407	1	1.175590	2.897053	
546	407	1	1.207895	3.093773	
551	407	1	1.254606	0.267500	
553	407	1	1.390396	0.502285	
557	407	1	1.211975	0.060503	
559	407	1	1.212669	3.130794	
562	407	1	1.125931	3.054025	
563	407	1	1.103396	2.839342	
565	407	1	1.106251	0.415839	
566	407	1	1.338749	3.130800	
574	407	1	1.317372	3.130792	
577	407	1	1.379625	0.041787	
584	407	1	1.286427	0.060514	
585	407	1	1.213243	3.006437	
586	407	1	1.169045	3.130794	
588	407	1	1.450083	0.088877	
589	407	1	1.659096	3.020139	
591	407	1	1.409366	3.130801	
592	407	1	1.309952	3.130791	
593	407	1	1.501496	3.130797	
596	407	2	2.079319	3.130795	1.269110	3.013688	
597	407	2	0.859375	3.089484	0.983280	2.965656	
599	407	1	2.079319	3.130795	
600	407	1	1.203443	0.175811	
602	407	3	1.555012	0.131103	1.395812	0.186593	1.089188	0.072342	
603	407	2	1.147928	3.108208	1.356587	3.075297	
605	407	3	1.419124	0.255463	0.908761	2.923301	1.466035	2.998251	
606	407	2	1.404574	0.242685	1.241998	2.904003	
607	407	1	1.125252	0.019210	
608	407	2	1.077434	3.130797	0.913081	2.950940	
610	407	1	1.133505	0.065970	
611	407	2	1.188645	0.019203	1.049035	3.130797	
613	407	1	1.151467	3.047658	
614	407	1	1.312402	3.013688	
615	407	1	1.103017	3.105290	
618	407	1	1.117333	0.129860	
622	407	1	0.980246	3.040143	
626	407	1	0.916193	0.088876	
628	407	1	0.846788	3.130793	
641	407	1	0.968957	3.064322	
647	407	1	1.147259	0.129860	
650	407	1	1.049600	3.036443	
654	407	1	1.006645	0.340955	
665	407	1	1.331046	0.226798	
669	407	1	1.816309	3.082843	
671	407	1	1.116240	2.422757	
672	407	2	1.060088	2.601176	1.704946	0.062422	
673	407	4	1.347638	2.356194	1.005807	2.704975	0.904290	2.629208	1.614322	2.677953	
675	407	1	1.704946	0.062422	
685	407	1	1.362042	0.348776	
688	407	1	1.271620	0.759760	
689	407	1	1.045421	0.116251	
690	407	2	0.987429	0.737826	1.120617	0.094982	
691	407	1	1.092837	0.015139	
692	407	1	1.071783	3.074726	
693	407	1	1.113627	3.102254	
695	407	1	1.170404	0.015152	
697	407	2	1.146454	2.811742	1.184649	0.047388	
698	407	2	1.258263	2.811741	1.157264	3.140484	
699	407	2	1.061733	0.002645	1.253218	3.091269	
700	407	1	1.217467	2.991593	
701	407	2	1.199840	2.849692	1.253218	3.091269	
702	407	2	1.130219	3.039172	1.657942	2.403593	
703	407	1	1.123966	2.929170	
705	407	1	1.026326	3.047087	
707	407	1	0.913508	2.908452	
709	407	1	1.306188	2.991591	
469	408	1	0.893518	2.924738	
554	408	1	1.245927	2.832302	
556	408	1	1.282788	0.347187	
564	408	1	1.279756	3.130787	
566	408	1	1.382069	3.130800	
567	408	1	1.336345	3.130800	
569	408	1	1.274219	3.130797	
570	408	1	1.665593	2.618412	
573	408	1	1.509153	3.044488	
575	408	1	1.391066	3.130800	
576	408	1	1.115026	3.016127	
577	408	1	1.628387	3.130797	
578	408	1	1.301801	3.115797	
580	408	1	1.388884	3.073715	
583	408	1	1.388561	3.039022	
585	408	1	1.310275	2.910403	
587	408	1	1.446160	3.001094	
603	408	1	0.552255	2.520068	
606	408	2	0.609205	2.974196	1.455251	2.667150	
607	408	1	1.458047	3.040128	
609	408	1	1.318766	0.186600	
611	408	2	1.700512	3.084023	1.446798	3.130800	
616	408	2	1.416382	0.019200	1.368092	0.013588	
620	408	1	1.490641	3.117351	
622	408	1	1.207211	0.071791	
624	408	1	1.603822	3.130798	
625	408	1	1.490641	3.117351	
626	408	2	1.121786	3.105299	1.445701	2.818752	
629	408	1	1.121786	3.105299	
657	408	1	0.320493	1.970503	
667	408	1	1.263909	2.936197	
672	408	2	1.098041	2.077898	1.916178	2.122443	
673	408	2	1.115591	1.873680	0.867234	2.319172	
687	408	1	1.348556	0.563323	
689	408	2	1.476748	0.674743	1.107760	0.047389	
691	408	2	1.043710	0.276622	0.935191	0.470247	
692	408	3	0.921589	0.628809	1.308227	0.511042	0.986457	0.535729	
694	408	1	1.283940	2.991605	
696	408	1	1.096656	2.991588	
698	408	1	1.184786	2.669841	
726	408	1	1.054755	1.616694	
569	409	1	1.074729	3.016125	
571	409	1	1.199797	3.025133	
660	409	1	1.006645	0.340955	
670	409	2	1.072147	2.316226	1.186961	2.231852	
671	409	1	0.930907	2.403781	
672	409	1	0.720501	2.158811	
690	409	2	1.060765	0.094970	1.341261	0.438006	
691	409	2	1.422022	0.343935	1.147000	0.544738	
692	409	2	1.498660	0.511042	1.182132	2.941637	
693	409	2	0.925808	0.507101	1.307597	0.390427	
694	409	1	1.115898	0.357106	
732	409	1	1.407378	0.648193	
561	410	1	1.438521	3.115802	
563	410	1	1.960910	0.130802	
567	410	1	1.149399	2.527815	
669	410	1	0.898554	2.316226	
670	410	1	0.988302	2.256527	
671	410	2	1.098041	2.077898	0.793352	1.723456	
689	410	1	0.970238	0.455551	
690	410	1	1.088771	2.772923	
691	410	3	1.351458	0.661044	1.284200	0.587812	1.390247	0.568839	
692	410	2	1.196034	0.635400	1.250698	0.552257	
694	410	2	0.902582	0.463647	0.837459	0.635403	
695	410	3	1.105195	0.635402	1.025327	0.568824	1.626452	0.313645	
696	410	1	1.182583	0.568837	
670	411	1	0.933046	2.158799	
671	411	1	0.610138	1.570796	
690	411	1	0.958040	0.390428	
691	411	1	0.855057	0.437994	
693	411	4	1.282874	0.718847	1.247512	0.587812	1.481755	0.493500	1.367252	0.398549	
696	411	2	0.922115	0.398525	0.909625	0.493500	
697	411	2	1.283243	0.568824	1.291923	0.401656	
698	411	1	1.420759	0.478799	
699	411	1	1.404147	0.524752	
726	411	1	1.054755	1.616694	
735	411	1	1.417130	0.821686	
670	412	1	1.165047	1.304556	
671	412	2	0.697180	1.768204	0.487817	1.735956	
692	412	1	1.215722	0.378075	
693	412	1	1.369403	0.493499	
694	412	1	1.336497	0.568825	
695	412	3	1.519852	0.832794	1.558245	0.493500	1.456750	0.390415	
697	412	2	0.962307	0.432415	0.902923	0.576651	
698	412	2	1.277080	0.568824	1.122946	0.587823	
699	412	1	1.224814	0.582812	
700	412	1	1.317194	0.478800	
701	412	1	1.418975	0.582800	
669	413	1	0.933144	1.626298	
695	413	2	1.475650	0.726648	1.038061	0.524741	
696	413	2	1.578241	0.921459	1.064047	0.524730	
697	413	2	1.422991	0.452289	1.356336	0.564092	
698	413	1	1.140955	0.390427	
699	413	1	1.097395	0.568824	
700	413	2	0.924433	0.528088	1.218965	0.582809	
701	413	1	0.953649	0.588011	
702	413	1	1.300635	0.438001	
696	414	1	1.405982	0.635026	
697	414	1	1.248929	0.635400	
698	414	2	1.086151	0.746050	1.611025	0.511042	
699	414	2	1.110128	0.568824	1.299664	0.515965	
700	414	2	2.290620	0.478810	1.481361	0.564091	
701	414	1	1.197656	0.582822	
702	414	2	0.957767	0.588000	1.310432	0.568824	
703	414	1	1.626416	0.746025	
738	414	1	1.417130	0.821686	
669	415	1	2.494847	2.106608	
670	415	1	0.911578	1.849090	
697	415	1	1.304018	0.777285	
698	415	1	1.355804	0.926855	
699	415	1	1.069438	0.524740	
700	415	1	1.319816	0.424308	
702	415	3	1.931663	0.552257	1.638834	0.511055	1.257662	0.568840	
703	415	2	1.175411	0.460729	1.043651	0.635391	
704	415	1	1.235313	0.524741	
670	416	1	0.845744	1.815775	
699	416	1	1.324449	0.892727	
700	416	1	0.996297	0.635380	
701	416	1	1.293300	0.313669	
703	416	1	1.000440	0.635403	
704	416	3	1.360163	0.438006	1.324468	0.515965	1.370766	0.473199	
705	416	2	0.957767	0.588000	1.290628	0.582809	
669	417	1	0.694736	2.111220	
699	417	1	1.480622	0.913708	
700	417	1	1.405982	0.635026	
704	417	1	2.263487	0.582812	
705	417	2	0.865855	0.913698	1.536289	0.532319	
706	417	2	1.017227	0.785398	1.131372	0.576639	
707	417	1	1.270575	0.635402	
731	417	1	1.397045	2.937807	
668	418	1	0.836849	2.408773	
700	418	1	1.373350	0.988386	
702	418	1	1.099786	0.708623	
704	418	1	1.566131	0.485022	
705	418	1	0.994575	0.635392	
706	418	1	0.965184	0.635403	
707	418	2	1.510082	1.026013	1.619625	0.568836	
708	418	1	1.173666	0.390427	
727	418	1	1.397045	2.937807	
706	419	1	1.156454	0.582822	
708	419	1	0.928717	0.746059	
709	419	2	1.133857	0.313637	1.447125	0.832795	
710	419	1	1.170491	0.511042	
711	419	1	1.202661	0.460718	
716	419	1	1.286004	3.134191	
720	419	1	1.192477	3.059714	
723	419	1	1.331179	2.919902	
701	420	1	1.278438	0.988386	
708	420	2	1.048533	0.437994	1.696421	0.501078	
709	420	1	1.412327	0.411949	
711	420	2	1.360638	0.276629	1.273148	0.378070	
712	420	1	1.220075	0.313645	
713	420	1	1.278778	0.357105	
714	420	1	1.294997	0.438005	
702	421	1	1.302728	0.988386	
709	421	1	1.015397	0.416726	
710	421	2	0.847009	0.511043	1.490777	0.846486	
714	421	1	1.430664	0.116251	
715	421	1	1.189979	0.141465	
716	421	1	1.364772	0.357095	
717	421	1	1.238238	0.276622	
668	422	1	0.642886	1.728213	
701	422	1	1.297323	0.641376	
702	422	1	1.360865	0.913707	
703	422	2	1.482340	0.422706	1.353962	0.957152	
710	422	1	0.966926	0.349347	
711	422	1	1.193353	0.349346	
712	422	1	1.067456	0.313650	
713	422	1	1.277938	0.350538	
716	422	2	1.206878	0.047388	1.280996	0.297520	
717	422	1	1.272881	0.230499	
718	422	2	1.363764	0.141450	1.320804	0.336900	
719	422	1	1.314557	3.091256	
720	422	1	1.384493	0.230513	
721	422	1	1.568343	0.116250	
722	422	1	1.360693	0.141450	
723	422	1	1.335719	0.230506	
666	423	1	0.651974	1.815777	
703	423	1	1.273730	0.957146	
704	423	1	1.371569	1.015897	
705	423	1	1.232493	0.564594	
706	423	1	1.204340	0.542381	
711	423	1	0.920609	1.105036	
712	423	1	1.707260	0.276629	
713	423	1	1.064449	0.357095	
714	423	1	0.943172	0.230498	
715	423	2	2.047278	0.282405	1.858786	0.524730	
716	423	1	1.498765	0.381491	
717	423	1	1.152007	0.141466	
718	423	1	1.091473	0.141465	
722	423	1	1.490662	0.047389	
723	423	1	1.362842	0.141451	
724	423	1	1.245369	0.141450	
725	423	1	1.334376	0.313649	
726	423	1	1.288600	0.198773	
727	423	1	1.527362	0.701951	
704	424	1	1.361746	0.913675	
712	424	1	1.439059	0.862198	
715	424	1	2.063490	0.148497	
716	424	1	2.502452	0.198774	
717	424	1	1.219783	0.141451	
718	424	1	1.469103	0.047390	
719	424	1	1.054021	0.047390	
720	424	2	1.373748	0.242856	1.137131	2.991591	
721	424	2	1.434049	0.116264	1.378567	0.343941	
722	424	1	2.344010	0.682979	
726	424	1	1.351643	0.230519	
727	424	2	1.192236	0.438006	1.231244	0.357095	
728	424	2	1.407956	0.701962	1.080002	0.230505	
729	424	2	1.269989	0.313669	1.181395	0.313637	
667	425	1	0.762094	1.494019	
704	425	1	1.431522	0.564597	
708	425	1	1.326334	0.666292	
712	425	1	0.885977	0.923358	
713	425	1	1.334039	0.822378	
717	425	1	1.858786	0.524730	
723	425	1	1.550723	0.242849	
724	425	1	1.718923	1.927897	
725	425	1	1.608928	2.611077	
729	425	2	1.235612	0.832816	1.272010	0.568840	
730	425	2	0.888033	0.171747	1.405367	0.635403	
731	425	1	2.182770	0.171763	
706	426	1	1.379712	0.988386	
715	426	1	1.291672	0.849453	
727	426	3	1.412876	0.169813	1.204619	1.813633	1.261583	0.515973	
731	426	1	1.490458	0.832788	
706	427	1	1.468814	0.869137	
707	427	1	1.414257	0.564605	
712	427	1	1.239017	0.694305	
713	427	1	1.051875	1.051505	
730	427	1	1.261583	0.515973	
731	427	1	1.367270	0.604583	
707	428	1	1.355411	0.988404	
708	429	1	1.603441	0.880394	
711	429	1	1.227363	0.399453	
714	429	3	1.083553	0.617176	1.269648	1.240440	1.222254	1.028247	
717	429	1	1.658180	0.701968	
726	429	1	1.013239	1.502669	
733	429	1	1.367270	0.604583	
708	430	1	1.224618	1.175802	
714	430	1	1.390539	0.791396	
715	430	1	1.006209	1.004447	
716	430	1	1.137644	1.071701	
719	430	1	1.658180	0.701968	
136	431	1	1.019165	1.138959	
137	431	1	1.131316	1.189275	
709	431	1	1.256185	0.957184	
726	431	1	1.284703	1.524657	
137	432	1	1.205966	1.073356	
138	432	1	1.054791	1.125261	
141	432	2	0.928323	1.292900	1.126849	1.533744	
142	432	2	1.045432	0.872700	1.098855	1.373374	
715	432	1	1.328709	1.010714	
137	433	1	1.420472	0.955841	
138	433	2	1.236204	1.156498	1.254543	0.948041	
139	433	1	1.068527	1.259578	
141	433	3	1.024787	0.769623	1.157490	1.014608	1.105096	1.336355	
142	433	1	1.244592	0.520654	
716	433	1	1.420414	1.044118	
135	434	1	2.299523	1.737585	
136	434	1	1.349742	1.932554	
137	434	1	1.383292	0.577965	
138	434	1	1.276316	1.014602	
139	434	1	1.239530	1.062185	
140	434	1	1.436280	1.081172	
141	434	1	1.281018	1.171205	
142	434	2	1.293259	0.426596	1.218785	1.125256	
143	434	1	1.311383	0.138547	
144	434	1	1.359189	0.229204	
145	434	1	1.418087	0.328871	
718	434	1	1.069440	1.071700	
135	435	2	1.219382	0.839928	1.246693	0.890242	
136	435	1	1.914618	1.014596	
137	435	1	0.963717	2.388007	
139	435	2	1.170742	1.062186	1.270201	1.073362	
140	435	2	1.712336	0.903949	1.225427	1.081173	
141	435	1	1.568013	1.058059	
142	435	2	1.280318	1.067184	1.666004	1.138959	
143	435	1	1.419142	1.114269	
145	435	1	1.716600	0.031815	
146	435	1	1.981548	0.229205	
147	435	1	1.533450	2.907165	
148	435	1	1.123026	3.049008	
717	435	1	1.360792	1.063951	
726	435	1	1.159059	1.754901	
134	436	3	0.892264	0.426609	1.107746	0.550957	1.364230	0.426593	
135	436	7	1.877127	0.692853	2.315273	0.769623	1.347611	0.655830	0.992475	2.944169	1.406419	0.728548	1.661318	0.577965	1.266487	0.550947	
136	436	6	1.255691	1.081173	0.923236	3.125814	1.003394	0.723144	1.604082	0.692852	1.498939	0.728548	1.055766	0.948035	
137	436	1	0.896013	3.110193	
138	436	1	0.860153	0.049343	
139	436	1	1.120163	0.692853	
140	436	2	1.318116	1.014607	0.741243	0.692854	
141	436	2	1.782807	1.067185	0.880249	0.948034	
142	436	1	1.593101	1.014604	
143	436	1	1.409169	1.114274	
718	436	1	1.371693	1.322979	
719	436	2	1.079113	1.208111	1.106983	1.017742	
134	437	1	0.966966	0.129540	
135	437	1	1.020387	0.281786	
136	437	3	1.411891	0.728551	1.417555	0.872700	1.022848	0.736302	
137	437	6	1.518009	0.692853	1.247344	0.692848	0.997258	0.890252	1.743282	0.890243	1.568585	0.872699	1.149201	0.757284	
139	437	1	1.244296	0.728552	
140	437	1	1.416816	0.890251	
141	437	1	1.332338	0.948027	
142	437	2	1.554254	1.014597	1.002058	1.211996	
143	437	2	1.288103	1.014603	1.421734	1.067184	
719	437	1	1.001759	1.197348	
137	438	5	1.405542	0.948035	1.300077	0.955841	1.038388	1.014602	1.350688	0.817209	1.295137	0.520667	
138	438	5	1.483097	0.857995	1.461627	0.903942	1.198129	0.795937	1.624191	0.736302	1.213724	0.741594	
141	438	2	1.320383	0.948027	1.335392	0.948027	
142	438	2	1.519308	0.890248	1.076874	1.156498	
143	438	2	1.203902	1.073355	1.577434	1.156506	
144	438	1	1.431840	1.062180	
719	438	1	1.402179	1.430904	
720	438	1	1.158128	1.350002	
726	438	1	1.057331	1.648506	
138	439	6	1.430588	0.817204	1.427566	0.948034	0.974197	0.769633	1.542856	0.692853	1.570902	0.872700	1.220893	0.748353	
139	439	5	1.815187	0.903936	1.464376	0.609714	1.583326	0.587980	1.520793	0.769618	1.191247	0.817204	
142	439	2	1.515130	0.955848	1.405557	0.948028	
143	439	2	1.671727	1.014607	1.285190	1.014600	
144	439	2	1.504624	1.014604	1.487139	1.062180	
145	439	1	1.717419	1.073362	
720	439	1	0.905050	1.515153	
721	439	1	0.765046	1.540165	
139	440	4	1.442512	0.839936	1.011225	1.014602	1.482590	0.872700	1.419398	0.857995	
140	440	5	1.408790	0.839936	1.530560	0.948041	1.739815	0.550957	1.496912	0.692853	1.342598	0.872708	
141	440	1	1.226963	1.014603	
142	440	1	1.271999	1.014602	
143	440	3	1.419657	1.014608	1.457362	0.948033	1.158371	0.948032	
144	440	3	1.739861	0.903945	1.292657	0.817214	1.523744	0.948027	
145	440	1	1.387048	1.156506	
726	440	1	1.184767	2.135390	
140	441	3	1.333466	0.890243	1.465235	1.081166	1.492982	0.955848	
141	441	4	1.578139	0.872700	1.344230	0.948033	1.461666	0.872700	1.327079	0.769622	
142	441	1	1.097000	0.890243	
143	441	2	1.501985	0.769622	1.272558	1.081165	
144	441	2	1.673168	0.903949	1.533394	0.839936	
145	441	1	1.538996	1.014603	
146	441	1	1.343183	1.336349	
721	441	1	0.718865	1.131988	
140	442	1	1.489857	0.728557	
141	442	5	1.649636	0.948027	1.625460	0.955841	1.952766	0.527704	1.593652	0.948027	1.654121	0.692853	
142	442	5	1.675352	0.948033	1.769925	1.014601	1.122635	0.769622	1.650670	0.872709	1.414726	0.872699	
143	442	2	1.485516	0.962015	1.239121	0.872700	
144	442	2	1.572369	0.839923	1.427261	1.081173	
145	442	2	1.506215	0.948032	1.550545	0.872699	
146	442	2	1.469247	1.432822	1.533249	0.967018	
720	442	1	0.905050	1.515153	
141	443	2	1.541154	0.890251	1.498902	0.872700	
142	443	5	1.525742	0.872715	1.644866	1.081165	1.478420	0.736302	1.464521	0.948027	1.255354	0.692854	
143	443	2	1.508056	0.955846	1.202189	0.955854	
144	443	3	1.237921	0.839927	1.441013	0.872700	1.644785	1.014600	
145	443	2	1.512275	0.839936	1.469448	0.817204	
146	443	3	1.613756	0.955841	1.484579	0.817204	1.525631	0.872709	
147	443	1	1.322620	1.478249	
720	443	1	1.381821	1.568678	
722	443	1	1.647590	1.763455	
724	443	1	1.184767	2.135390	
142	444	1	1.671885	0.817204	
143	444	3	1.620565	0.948033	1.458301	0.839928	1.383073	0.728547	
144	444	3	1.261685	0.839928	1.760714	0.872700	1.399078	0.872699	
145	444	2	1.461406	0.769622	1.332507	1.081166	
146	444	2	1.529767	0.839928	1.366515	0.817204	
147	444	4	1.475772	1.456978	1.510863	0.890252	1.320258	0.817213	1.489681	1.014603	
721	444	1	1.158128	1.350002	
143	445	2	1.618801	0.890252	1.525924	0.948033	
144	445	4	1.447038	0.817204	1.756956	1.014602	1.503398	0.817209	1.238277	0.872715	
145	445	4	1.869883	0.655830	1.344028	1.138958	1.591801	0.948033	1.138169	0.872700	
146	445	1	1.403651	1.073361	
147	445	4	1.569283	1.336354	1.375385	0.817210	1.575479	0.795937	1.297084	0.948027	
148	445	2	1.190165	0.817204	1.393741	1.125261	
720	445	1	1.402179	1.430904	
143	446	1	1.769945	0.890244	
144	446	3	1.418671	0.857995	1.870158	1.014602	1.781422	1.014607	
145	446	3	1.651454	0.817204	1.775133	0.948028	1.330097	0.948041	
146	446	4	1.382927	0.634094	1.604317	0.962017	1.740367	1.014607	1.298555	0.948028	
147	446	1	1.872669	1.373374	
148	446	4	1.388639	0.817202	1.551788	0.903945	1.276069	0.817204	1.202759	1.091375	
149	446	1	1.141655	0.890248	
144	447	1	1.797219	0.872699	
145	447	3	1.656372	0.872715	1.511758	0.955853	1.896284	1.014607	
146	447	4	1.534883	0.817204	1.569541	0.872700	1.592966	0.872700	1.224934	1.014596	
147	447	5	1.394887	1.271922	1.065018	0.890242	1.315048	1.081165	1.476343	1.081167	1.277578	1.014595	
149	447	4	1.449113	0.817204	1.588769	0.903944	1.050250	0.769624	1.227827	1.062186	
150	447	1	1.124293	0.817208	
720	447	1	1.381821	1.568678	
721	447	1	1.647590	1.763455	
145	448	2	1.508587	0.948041	1.340856	0.817204	
146	448	3	1.551666	0.817204	1.287367	0.948027	1.343075	0.817209	
147	448	5	1.466397	0.817204	1.280656	1.097743	1.132886	0.857995	1.512428	1.014595	1.262411	1.014594	
148	448	2	0.442169	1.478264	1.340910	0.955849	
149	448	1	1.198606	1.014599	
150	448	3	1.589487	0.955848	1.513000	0.839927	1.195580	0.728548	
151	448	1	1.157179	0.769624	
721	448	1	1.269648	1.240440	
146	449	2	1.284328	0.872715	1.266442	0.948032	
147	449	3	1.476704	0.736302	1.309618	0.955841	1.644419	1.081173	
148	449	5	1.208394	0.728548	1.376085	1.067184	1.377119	0.872700	1.547985	1.081173	1.225469	0.948041	
151	449	2	1.583313	0.903949	0.990814	0.817202	
146	450	1	1.482026	0.890244	
147	450	2	1.318299	0.948037	1.299103	0.769623	
148	450	6	1.322291	0.692852	1.431945	0.890257	1.307669	1.336351	1.299633	1.658097	1.422013	1.211986	1.200022	1.073356	
149	450	3	1.309038	0.550949	2.554727	1.212001	1.247992	1.081173	
150	450	1	1.127616	1.014607	
151	450	3	1.601761	1.014602	1.513000	0.839927	1.404999	1.014580	
152	450	1	1.159679	0.937828	
147	451	1	1.070289	1.014599	
148	451	3	1.378817	0.817198	1.752979	1.014599	1.704763	0.817200	
149	451	5	1.434033	1.211986	1.450342	0.937828	1.479379	1.125256	1.786685	0.817198	0.915404	0.817198	
150	451	2	1.446399	0.426621	0.936635	1.014595	
151	451	1	1.170337	1.014613	
152	451	1	1.185229	1.014598	
148	452	2	1.194664	0.817184	1.079028	1.014613	
149	452	3	1.775425	0.692876	1.559028	0.817229	1.264471	1.211986	
150	452	1	1.582449	1.156493	