1587
741	389	1	1.167330	-3.899588	
739	391	1	1.203458	-3.914295	
737	393	1	1.126390	-4.003615	
700	395	1	0.918052	-1.766220	
735	395	1	1.274458	-3.822449	
700	396	1	1.636168	-3.218358	
701	396	1	1.601989	-3.338971	
702	396	1	1.450592	-3.306729	
703	396	1	1.653057	-3.141593	
704	396	1	1.977617	-3.141593	
705	396	1	1.599272	-3.141593	
706	396	1	1.363808	-3.141593	
707	396	1	1.400101	-3.141593	
708	396	1	1.753708	-3.141593	
709	396	1	1.597511	-3.141593	
710	396	1	1.571526	-3.141581	
711	396	1	1.698339	-3.141580	
712	396	1	1.582249	-3.141593	
713	396	1	1.457809	-3.141593	
714	396	1	1.531728	-3.141593	
715	396	1	1.625043	-3.141593	
716	396	1	1.432784	-3.141593	
693	397	1	1.614962	-3.419889	
694	397	1	1.806801	-3.522093	
695	397	1	1.668988	-3.368384	
696	397	1	1.768429	-3.218368	
697	397	1	1.568586	-3.224728	
698	397	1	1.656767	-3.338985	
699	397	1	1.678835	-3.141593	
713	397	1	1.545764	-3.294230	
715	397	1	1.257436	-3.241267	
733	397	1	1.340258	-3.651306	
512	398	1	1.328073	3.115794	
519	398	1	1.253645	3.032653	
521	398	1	1.391099	3.039025	
524	398	1	1.321460	-3.087558	
529	398	1	1.209860	-3.076729	
533	398	1	1.289125	-3.002230	
602	398	1	1.482822	3.132390	
607	398	1	1.416615	-3.076858	
611	398	1	0.732229	-2.800634	
613	398	1	1.325410	-2.915250	
631	398	1	0.931698	3.102041	
635	398	1	1.062668	-3.011732	
664	398	1	1.314006	-3.592232	
690	398	1	1.460216	-3.338985	
691	398	2	1.480079	-3.433038	1.178163	-2.859188	
692	398	1	1.504555	-3.407846	
702	398	1	1.572338	-3.141579	
703	398	1	1.374966	3.141593	
704	398	1	1.242781	3.041918	
706	398	1	1.329386	3.041933	
707	398	1	1.501905	3.141593	
708	398	1	1.514419	-2.961743	
709	398	1	1.647379	-3.294238	
711	398	2	1.310307	3.141593	1.403458	-3.321443	
712	398	1	1.302450	-3.041925	
715	398	1	1.304085	-3.347089	
721	398	1	1.142912	-3.270801	
722	398	1	0.781674	2.076504	
728	398	1	0.903055	-3.694858	
729	398	1	1.424726	-3.441727	
731	398	1	1.098137	-3.334302	
509	399	1	0.532871	3.115802	
536	399	1	1.249195	3.115790	
538	399	1	1.233742	-2.969984	
540	399	1	1.271615	3.115789	
543	399	1	1.369003	-3.014745	
545	399	1	1.320991	-2.912203	
609	399	1	0.606744	2.980936	
618	399	1	1.382015	-2.998148	
622	399	1	1.252105	3.092720	
685	399	1	1.619081	-3.522094	
686	399	1	1.586930	-3.232257	
687	399	1	1.465938	-3.338985	
688	399	1	1.748836	-3.306737	
689	399	1	1.587355	-3.321443	
690	399	1	1.138382	-2.924421	
692	399	1	1.290144	-3.000141	
693	399	1	1.069768	-2.827942	
694	399	1	1.290144	-3.000141	
700	399	1	1.468874	2.792828	
701	399	1	0.870095	-2.993099	
706	399	1	1.412730	-3.344637	
707	399	1	1.337276	-3.333224	
710	399	4	1.510417	-3.352685	1.191980	-3.204228	1.230461	-3.408704	1.286817	-3.236098	
712	399	2	1.228112	-3.270793	1.216676	-3.408708	
713	399	2	1.388885	-3.368385	1.336343	-3.222520	
714	399	1	1.618159	-3.291579	
715	399	2	1.388125	-3.070281	1.196017	-3.128904	
717	399	1	1.310762	-3.081410	
719	399	1	1.333980	-3.085444	
721	399	1	1.310762	-3.081410	
724	399	1	1.325007	-3.010193	
725	399	1	1.358112	-3.222520	
727	399	1	1.114088	-3.043996	
730	399	1	1.269603	-3.208374	
550	400	1	1.383457	-3.014743	
563	400	1	1.326750	-2.915253	
616	400	1	1.003075	2.986122	
623	400	1	1.504583	-2.946777	
645	400	1	0.863990	3.127475	
651	400	1	0.863990	3.127475	
655	400	1	1.012063	-3.122393	
682	400	1	1.492088	-3.605240	
683	400	1	1.437326	-3.605228	
684	400	1	1.435953	-3.605228	
692	400	2	1.060311	-3.200933	1.277090	-3.116920	
693	400	1	0.746507	-2.988703	
694	400	1	1.009285	-3.191931	
695	400	2	1.412018	-3.236543	1.153030	-2.859188	
696	400	3	1.009285	-3.191931	1.069768	-2.827942	1.506024	-3.142702	
697	400	3	1.368551	-3.232245	1.223818	-2.784487	1.265098	-3.236098	
698	400	1	1.370931	2.699226	
699	400	2	1.355548	2.704975	2.376757	-3.977321	
700	400	5	1.631444	-3.224726	0.889260	-3.318377	1.226682	-3.200933	1.761647	-3.111740	2.161399	-1.918188	
702	400	1	1.463827	-3.488977	
703	400	2	1.313421	-3.291579	0.817158	-2.616863	
704	400	3	1.535756	-3.215297	1.181004	-3.159037	1.072479	-2.591702	
705	400	3	1.334820	-3.306737	1.311586	-3.200933	1.194182	-2.988709	
706	400	2	1.081880	-3.382249	1.503519	-3.374733	
707	400	4	1.208175	-3.224728	1.044151	-3.382256	1.140483	-3.225021	1.232096	-3.094197	
708	400	3	0.959616	-3.191916	1.100640	-3.291599	1.325960	-3.236090	
709	400	2	0.747992	-3.321447	0.982886	-3.094203	
710	400	2	0.758007	-3.321443	0.986215	-3.159048	
711	400	1	0.692217	-3.294238	
712	400	2	0.805589	-3.224728	1.129446	-2.969840	
713	400	1	0.877465	-3.141578	
714	400	1	0.959655	-3.141593	
715	400	1	0.995213	-3.141593	
716	400	1	0.941477	-3.050928	
717	400	1	0.821976	2.908440	
719	400	1	0.821976	2.908440	
724	400	1	1.076671	-3.518385	
726	400	3	0.853834	-3.721183	0.689637	-3.382256	1.215996	2.700143	
727	400	1	1.253409	-3.200933	
728	400	1	0.810945	-1.343475	
553	401	1	1.266168	-3.002234	
555	401	1	1.343245	-2.871948	
564	401	1	1.351388	-3.562184	
568	401	1	1.521431	-3.081937	
571	401	1	1.409023	-3.489142	
629	401	1	1.504583	-2.946777	
671	401	1	0.944215	-4.953787	
680	401	1	1.563674	-3.669672	
681	401	1	1.797922	-3.522107	
682	401	1	1.866298	-3.605240	
686	401	1	1.091255	-3.497593	
688	401	1	2.351367	-1.825676	
689	401	1	1.608946	-3.294238	
691	401	2	1.473780	-3.321443	1.082720	-3.190966	
692	401	1	1.474353	-1.811446	
693	401	1	1.536801	-3.191930	
694	401	1	1.265098	-3.236098	
695	401	3	1.193762	-3.321443	1.030884	-3.094188	1.643850	-2.873364	
696	401	4	0.876740	-3.433038	1.462449	2.601169	0.948526	-3.225375	2.279497	-3.126449	
697	401	4	0.841094	-3.433052	1.439518	2.634491	1.155636	-3.232260	1.030884	-3.094188	
698	401	2	0.819286	-3.338985	1.148518	-2.859178	
699	401	3	0.813831	-3.338985	1.168430	-2.942825	1.194442	-2.948571	
700	401	4	0.695538	-3.321443	1.593274	-3.274132	1.051584	-3.106248	0.888308	-2.115580	
701	401	2	0.761798	-3.141593	1.168708	-3.191932	
702	401	4	0.839781	-3.141593	1.173635	-3.141593	1.062474	-3.200935	1.209647	-3.094194	
703	401	2	0.783109	-3.141593	1.118265	-3.111740	
704	401	2	0.730888	-3.141578	1.100807	-3.291593	
705	401	3	0.738737	-3.141581	1.000028	-3.291579	1.111004	-2.671345	
706	401	1	0.717901	-3.141593	
707	401	1	0.687792	-3.141593	
708	401	1	0.681064	-3.141593	
711	401	2	1.201432	-2.969840	0.829928	2.991596	
712	401	1	0.762395	-3.013290	
713	401	2	1.009813	-3.111740	0.730386	-2.969838	
714	401	1	1.038468	-2.911081	
716	401	1	1.061145	-2.942824	
717	401	1	1.129601	-3.046623	
718	401	3	0.968145	-3.094190	0.858477	-3.046610	1.208221	-3.291593	
719	401	1	1.024993	-3.025341	
720	401	2	1.046901	-3.025342	1.347043	-3.291590	
721	401	1	0.858477	-3.046610	
722	401	2	1.386704	-3.474704	1.302229	-3.200933	
723	401	1	1.195405	2.991591	
724	401	3	0.904585	-3.694856	0.676460	-3.200920	1.209356	-3.291594	
725	401	2	1.073169	-3.208447	1.195405	2.991591	
726	401	1	1.089956	-3.456747	
727	401	1	1.030914	-3.471444	
515	402	1	1.123207	-3.364774	
523	402	1	1.644493	-3.692181	
524	402	1	1.085006	-3.364782	
525	402	1	1.132409	-3.167383	
526	402	1	1.195990	-3.167396	
527	402	1	1.137067	-3.167398	
553	402	1	1.336075	-3.374880	
554	402	1	1.304414	-3.412364	
560	402	1	1.342449	-2.852175	
561	402	1	1.322548	-3.250531	
564	402	1	1.048130	-3.104969	
568	402	1	1.195412	-3.167391	
574	402	1	1.409431	-3.044062	
580	402	1	1.450544	2.934993	
631	402	1	1.329310	-3.397364	
634	402	1	1.285136	-3.383478	
637	402	1	1.154627	-3.152396	
668	402	1	1.304926	3.059486	
670	402	1	1.146272	-3.081079	
673	402	1	1.357103	2.870198	
676	402	1	1.174181	-2.925588	
679	402	2	1.414382	-3.785076	1.235747	-2.941294	
680	402	2	1.397212	-3.648694	1.380180	-3.640943	
681	402	1	1.514634	-3.605228	
682	402	1	1.338258	-3.058447	
683	402	1	1.323453	-3.447468	
684	402	2	1.270468	2.303625	1.126790	-3.460786	
685	402	2	1.653155	-3.224728	1.368232	-3.294241	
686	402	1	1.303960	-3.298189	
688	402	2	1.398480	-3.141593	1.083877	2.816921	
689	402	1	1.762182	2.559192	
690	402	2	1.450946	-3.294241	1.147267	-3.098890	
692	402	2	0.919117	-3.094189	1.156369	-3.032822	
693	402	3	0.873368	-3.433053	1.351385	-3.141580	0.992120	-3.025342	
694	402	2	0.890815	-3.368391	1.023108	-3.126440	
695	402	2	0.897004	-3.522094	1.196254	-3.138948	
696	402	4	0.898553	-3.522093	1.347876	2.677945	1.023108	-3.126440	1.745049	-3.000128	
697	402	1	1.152971	-3.214824	
698	402	1	1.139944	-3.391255	
699	402	2	0.363427	-1.837897	1.745049	-3.000128	
701	402	1	1.479540	-2.248865	
702	402	1	1.337847	-3.291589	
703	402	1	0.906645	2.991593	
705	402	1	0.997165	3.062901	
707	402	1	0.919919	3.068372	
708	402	3	0.800177	3.074725	1.241567	-2.827941	1.347580	-3.291589	
709	402	1	0.812259	2.908441	
710	402	1	1.309008	-3.291594	
713	402	1	1.427492	-3.291597	
714	402	1	1.310723	2.991592	
715	402	1	1.369602	-3.126441	
716	402	1	0.816365	2.725340	
717	402	1	1.242005	3.039171	
718	402	1	1.234488	2.642817	
719	402	2	1.087804	2.859041	1.312103	3.082250	
720	402	1	1.054175	2.842704	
721	402	2	1.045185	-3.025328	1.111873	2.991593	
722	402	2	0.904585	-3.694856	1.016478	-3.111740	
723	402	1	1.016363	-3.200933	
727	402	1	0.975104	-1.418512	
495	403	1	1.501660	-3.465886	
499	403	1	1.036126	-3.267059	
500	403	1	1.657790	-3.661327	
502	403	1	1.130429	-3.067720	
504	403	1	1.366995	-3.250531	
508	403	1	2.909135	-3.562184	
511	403	1	2.748851	-3.707809	
513	403	1	1.873684	-3.526160	
514	403	1	1.145299	-3.167384	
517	403	1	2.355990	-3.674479	
519	403	1	2.553910	-3.828442	
522	403	1	1.891257	-3.738726	
528	403	1	0.988762	-2.772593	
531	403	1	1.087215	-3.167396	
532	403	1	1.289021	-3.278049	
537	403	1	1.075031	-2.999733	
543	403	1	1.244085	-3.089963	
549	403	2	2.846627	-4.655056	1.336468	3.072041	
553	403	1	1.286390	-3.028037	
556	403	1	1.132691	3.130803	
559	403	2	2.111235	-3.674479	1.232699	3.130797	
560	403	1	1.572272	-3.489143	
562	403	1	1.262870	3.130797	
565	403	1	1.238493	-3.019839	
577	403	1	1.452722	-2.969999	
579	403	1	1.544085	-3.089973	
580	403	1	1.169482	-3.238698	
581	403	1	1.313406	-3.081079	
582	403	1	1.372825	-3.019837	
584	403	1	1.416613	-3.069250	
590	403	1	1.272855	-2.809358	
598	403	1	1.388284	3.130791	
600	403	1	1.300975	-3.075621	
601	403	1	1.307757	3.130805	
604	403	1	1.560655	3.130792	
606	403	1	1.135012	-3.052714	
612	403	2	1.199196	-3.052733	1.186729	-3.276740	
617	403	1	1.257663	-3.061728	
618	403	1	1.011562	-3.305048	
620	403	1	1.313209	3.066369	
621	403	1	1.284830	-3.327055	
623	403	1	1.459915	-3.061728	
625	403	2	1.503913	-3.061728	1.311069	-3.152391	
626	403	2	1.383170	3.130800	1.248550	3.130799	
627	403	1	1.014301	-2.853889	
628	403	1	1.253047	-3.069251	
629	403	2	1.290418	-2.972535	1.244837	-3.085820	
630	403	1	1.336221	-2.771880	
632	403	1	1.165731	3.130803	
634	403	1	1.331312	-2.829045	
635	403	1	1.300580	3.130789	
638	403	1	1.171429	-3.081078	
641	403	1	1.389500	3.072041	
643	403	1	1.232483	-2.967041	
644	403	1	1.228336	-3.081078	
647	403	1	1.211448	-3.081089	
650	403	2	1.167775	3.059486	1.304382	-3.035277	
653	403	1	1.293170	3.130797	
656	403	1	1.209572	3.059499	
659	403	1	1.247932	3.130789	
662	403	1	1.323162	3.064232	
665	403	1	1.143400	3.130792	
677	403	1	1.376971	-3.785088	
678	403	2	1.655083	-3.785076	1.374080	-3.708317	
679	403	1	1.459989	-3.522107	
680	403	1	1.277623	2.976444	
682	403	2	1.277623	2.976444	1.154093	-2.999737	
684	403	1	1.154093	-2.999737	
685	403	1	1.297432	2.976448	
690	403	1	0.888578	-3.241252	
691	403	2	0.886252	-3.338985	1.157605	-3.391263	
692	403	4	0.867273	-3.433052	1.277061	2.850133	1.722775	3.041925	1.335970	2.991591	
693	403	1	0.867211	-3.433038	
694	403	1	1.579927	2.601181	
698	403	1	1.335970	2.991591	
700	403	1	0.661553	-2.784487	
701	403	2	0.977723	2.991586	1.344631	-3.374726	
702	403	1	1.379125	-2.932824	
703	403	2	1.097395	-2.572768	1.349489	-2.969846	
704	403	2	0.970272	2.849698	1.441697	-3.208447	
705	403	1	1.352910	-3.060502	
706	403	2	1.252075	-3.291585	1.291861	-3.246170	
708	403	1	0.973851	-3.362902	
709	403	2	1.596539	-3.084099	1.141232	2.891938	
711	403	1	1.211107	3.091253	
712	403	2	1.190980	-2.993682	0.900487	-2.993088	
713	403	1	1.093670	2.891938	
716	403	1	1.234488	2.642817	
717	403	1	1.515996	-3.798700	
719	403	1	0.977681	-3.476201	
728	403	1	0.942894	-2.124056	
462	404	1	1.431683	-2.976841	
486	404	1	1.012225	2.924742	
487	404	1	1.025728	-3.167394	
488	404	1	0.716128	-2.660301	
489	404	2	1.494297	-3.222149	1.064170	-2.969991	
490	404	2	1.106455	3.000926	1.205025	-3.212810	
492	404	1	2.138946	-3.364781	
493	404	1	1.306815	-3.247791	
494	404	1	0.812615	-3.167383	
503	404	2	1.151342	-3.247782	1.267623	-3.247785	
504	404	1	1.470639	-3.171015	
505	404	3	1.420125	-3.123935	1.174026	-2.845644	1.121754	-3.244161	
506	404	2	1.162132	-3.344262	1.090537	-2.910069	
507	404	1	1.245030	-3.278085	
508	404	2	1.247960	-3.167396	1.272085	-3.238698	
509	404	1	1.279221	-3.167391	
510	404	1	1.407376	3.115797	
511	404	2	1.245804	-3.309281	1.206080	-3.167394	
513	404	2	1.201320	-2.940589	1.303021	-3.100819	
515	404	2	1.397266	3.115790	0.886706	-2.740775	
517	404	2	1.384058	3.115802	1.146705	-2.875933	
519	404	3	1.213914	-3.076728	1.346215	-3.267059	1.100414	-3.167395	
520	404	1	1.415761	-3.076730	
522	404	2	1.417997	3.049228	1.323869	-3.233957	
523	404	1	1.360282	3.115803	
524	404	1	1.117788	-3.167382	
525	404	1	1.297517	3.115795	
527	404	2	1.532608	-3.050273	1.209152	-3.096080	
528	404	1	1.244782	3.089153	
529	404	1	1.427136	-2.982037	
530	404	3	1.308779	-3.067720	1.203720	-3.167394	1.223459	-3.167391	
532	404	1	1.052213	-3.084247	
535	404	1	1.190083	-3.167383	
538	404	1	1.120188	-3.090627	
540	404	1	1.201166	3.006436	
545	404	1	1.285878	-3.084247	
546	404	1	1.133484	3.059486	
547	404	1	1.244293	-3.014743	
548	404	1	1.309796	-3.233957	
550	404	1	1.244293	-3.014743	
551	404	1	1.104258	-3.250531	
553	404	1	0.999860	-3.076730	
554	404	1	1.152409	-3.458855	
555	404	1	1.093726	-3.378486	
556	404	1	1.224905	-3.167383	
557	404	4	1.030297	-5.665474	1.334967	-3.167396	1.009665	-2.579392	1.173963	-3.167383	
558	404	2	1.052813	-2.824374	1.237941	-3.167395	
559	404	1	1.239973	-3.378486	
561	404	1	1.107834	-2.845643	
562	404	1	1.349374	-2.921299	
565	404	1	1.160932	-3.167383	
566	404	2	1.211907	3.044490	1.260012	-3.233957	
567	404	1	1.262674	3.115802	
568	404	2	1.459054	3.115792	1.259100	-3.028039	
569	404	1	1.023613	-3.250532	
570	404	2	1.110280	-3.386065	1.464463	3.039025	
571	404	3	1.173392	-3.465887	1.291280	3.005133	1.211210	3.130800	
572	404	3	1.165187	-3.445685	1.269175	2.950637	1.216040	-3.167393	
573	404	1	1.219322	-3.332536	
574	404	4	1.466818	-3.167383	1.573987	-3.674491	1.078026	-3.167383	1.247869	3.130797	
575	404	2	1.198899	-3.084247	1.561149	3.016142	
576	404	1	1.184722	-2.922407	
577	404	3	1.188474	-2.901139	1.098317	-3.167394	1.226760	3.130797	
578	404	2	1.214824	-3.167395	1.336561	-3.084247	
579	404	2	1.191245	-3.002246	1.690142	-3.067721	
580	404	2	1.468487	-3.090615	1.877109	-3.398477	
581	404	3	1.341350	-3.014743	1.736165	-3.352737	1.267632	3.130789	
582	404	3	1.509016	3.115789	1.297900	-3.347238	1.124667	-3.014731	
583	404	3	1.436872	-2.922407	1.690776	-3.167383	1.128638	-3.320035	
584	404	5	1.285904	-3.076728	1.633428	-3.034840	1.288840	-3.262343	1.263560	-3.299945	1.165101	3.130799	
585	404	4	1.316834	-2.987528	1.661045	-3.084259	1.126344	-3.167394	1.379691	-3.089973	
586	404	2	1.401963	-3.167383	1.033279	-3.250531	
587	404	2	1.571674	-3.284502	1.513211	2.859851	
588	404	5	1.552009	3.115803	1.885805	-3.332548	1.265995	-3.167396	1.083994	-3.090616	1.408764	-3.081077	
589	404	2	1.279391	-2.969984	1.863785	-3.167395	
590	404	4	1.536257	-3.002246	1.681170	-2.969990	1.374018	-3.167383	1.350609	3.130802	
591	404	2	1.130174	-3.096081	1.291572	3.130789	
592	404	2	1.350485	3.130800	1.406030	-3.207885	
593	404	4	1.853507	-3.167394	1.452367	-3.250531	1.171934	-3.096080	1.159144	-3.085819	
594	404	2	0.946319	-3.143003	1.303010	3.054023	
595	404	1	1.348636	3.059486	
596	404	3	1.884219	-3.167383	1.165116	-3.167393	1.210956	2.998244	
597	404	2	1.293782	-3.025487	1.448591	3.064234	
599	404	2	1.260551	3.130800	1.403404	-3.317535	
600	404	2	1.473212	3.129553	1.060873	-3.443842	
601	404	2	1.473337	3.125096	1.540860	-3.167744	
602	404	4	1.476624	-3.122389	1.033821	-3.244164	1.327397	3.130794	1.358893	-3.089972	
603	404	1	1.081736	-3.243043	
604	404	1	1.186685	-3.167393	
605	404	3	1.290091	-3.061728	1.422986	-3.152394	1.215173	3.130797	
606	404	1	1.229302	-3.276749	
607	404	2	1.465170	-3.122389	1.232755	3.040145	
608	404	3	1.212407	-3.061731	1.246312	-2.999733	1.372240	3.130797	
609	404	2	1.279182	3.130800	1.171000	-3.284944	
610	404	1	1.073311	-3.244162	
611	404	2	1.159595	-3.052729	1.227230	-3.075623	
612	404	2	1.428204	-3.083943	1.182546	3.130791	
613	404	2	1.124774	-3.167393	1.199788	3.031140	
614	404	2	1.292129	3.130797	1.177812	3.130803	
615	404	2	1.387590	3.047646	1.309333	-3.035276	
616	404	2	1.197006	-3.299938	1.316439	3.130800	
617	404	1	1.291327	3.064222	
618	404	2	1.064043	-3.014746	1.304643	-3.093636	
619	404	1	1.400806	-3.069249	
620	404	1	1.401562	3.047659	
621	404	1	1.112399	-2.769401	
622	404	1	1.295613	3.031140	
623	404	1	1.320101	3.040131	
624	404	1	1.217212	3.130797	
625	404	1	1.360348	3.130794	
626	404	1	1.269462	3.040142	
627	404	1	1.196712	-3.052714	
629	404	2	1.316696	-2.989839	1.398618	3.130800	
630	404	1	1.234047	-3.317530	
631	404	2	1.346797	-2.999749	1.191355	-3.152388	
632	404	2	1.444145	3.031140	1.258578	-3.081087	
633	404	1	1.346797	-2.999749	
634	404	2	1.444145	3.031140	1.080198	-3.223699	
635	404	2	1.469753	3.054025	1.328780	-3.223687	
637	404	1	1.106558	-3.085820	
638	404	1	1.347385	-3.223700	
640	404	1	1.073913	-3.218962	
645	404	1	1.071363	-3.223688	
647	404	1	0.994025	-3.241252	
648	404	2	1.114935	-3.232244	1.055931	-3.081089	
649	404	2	1.146863	-3.141593	1.425416	-3.252060	
651	404	2	1.026096	-3.241252	1.025784	-3.152383	
652	404	1	1.110823	-3.141593	
654	404	1	1.117352	-3.152396	
655	404	1	1.342637	3.085371	
657	404	2	1.273406	3.130802	1.145792	-3.214806	
659	404	1	1.399617	-2.972535	
660	404	1	1.857484	3.032475	
664	404	1	1.330354	-4.068880	
665	404	1	1.210892	2.923301	
667	404	1	1.290587	-3.122393	
669	404	1	1.239068	-3.224738	
672	404	1	0.705518	-4.693187	
674	404	1	0.873559	-3.185040	
675	404	2	1.909385	-3.860409	1.241467	-3.419889	
676	404	2	1.637237	-3.648679	1.606578	2.677945	
677	404	4	1.486781	-3.729591	1.322987	-3.648667	1.242489	-3.050928	1.212675	2.976460	
679	404	2	1.190936	-3.185040	1.083042	-3.515761	
680	404	2	1.090895	3.141593	1.023335	2.944200	
682	404	2	1.329094	-3.058445	1.023335	2.944200	
683	404	1	0.771370	-3.433038	
684	404	2	0.928148	-3.241252	1.787450	2.984996	
685	404	2	0.872843	-3.306741	1.487149	2.896626	
686	404	3	0.727891	-3.338985	1.502122	3.058447	0.839943	-3.463343	
687	404	2	0.854442	-3.224738	1.172415	-2.853895	
688	404	4	0.898436	-3.141593	1.332069	3.041925	1.232924	2.961744	1.787450	2.984996	
689	404	4	0.890620	-3.338985	1.300043	2.930507	0.660539	2.031515	1.806921	2.333700	
690	404	1	1.010833	-3.306741	
691	404	1	1.205595	-3.050928	
692	404	1	1.164322	-3.000127	
693	404	1	1.437887	-2.976444	
694	404	1	1.546946	-3.368365	
697	404	2	1.226325	-3.050941	1.546946	-3.368365	
699	404	1	1.282506	-3.200935	
702	404	1	1.721214	1.884437	
704	404	1	1.518989	-2.572768	
705	404	2	1.220020	-2.864970	1.170467	2.891919	
706	404	2	0.663447	-2.703586	1.315100	2.900929	
708	404	1	1.250142	3.017239	
709	404	1	0.763100	-3.126454	
710	404	4	1.202000	3.050941	1.205424	-2.792246	0.908811	-3.094188	1.150316	2.914816	
711	404	3	1.108145	-2.911083	0.954374	3.115954	1.036617	2.826430	
712	404	5	1.451831	-3.382249	0.880932	-3.111740	0.942425	2.867232	1.374212	-3.046608	1.241567	-2.827941	
713	404	2	0.906736	3.082252	0.912997	2.891938	
714	404	1	1.043424	-3.225031	
715	404	3	0.899231	-2.855943	1.192421	-3.138948	1.038249	2.620702	
716	404	1	1.489326	-3.034270	
718	404	1	0.899231	-2.855943	
467	405	1	1.374974	-2.996098	
480	405	1	1.359463	3.118542	
482	405	1	1.012225	2.924742	
483	405	1	1.530671	-3.320829	
484	405	1	1.298917	-3.218384	
487	405	1	1.267259	-3.189034	
488	405	1	1.273041	-3.157125	
489	405	1	1.210495	-3.185368	
490	405	3	1.216003	-3.215541	1.273264	-3.130681	0.716128	-2.660301	
493	405	2	1.338859	-3.162283	1.210467	-3.217498	
494	405	1	1.268093	-3.123431	
495	405	1	1.209526	-3.087874	
496	405	1	1.244500	-3.217498	
497	405	2	1.663936	-2.970001	1.211007	-3.238697	
498	405	1	1.133457	-3.215541	
499	405	2	1.268093	-3.123431	1.209526	-3.087874	
500	405	1	1.196036	-3.090615	
501	405	3	1.623609	-3.342739	1.195409	-3.185368	0.967353	-2.974771	
502	405	1	1.171384	3.035403	
503	405	1	1.196036	-3.090615	
505	405	3	1.486098	3.048386	1.457143	3.087983	1.195700	-3.123431	
506	405	2	1.211916	-3.115237	1.202573	-3.130371	
507	405	1	1.115073	-3.077055	
508	405	1	1.193248	-3.167391	
510	405	2	1.311639	-3.162283	1.120210	-3.115237	
511	405	1	1.193248	-3.167391	
513	405	1	1.315513	-3.167383	
515	405	1	1.317331	-3.167390	
516	405	1	1.332706	-3.034840	
517	405	1	1.211125	-3.167391	
518	405	1	1.464973	3.057042	
519	405	1	1.303021	-3.100819	
521	405	1	1.308304	-3.067721	
522	405	1	1.312405	-3.014743	
523	405	1	1.245521	-3.114803	
524	405	1	1.128984	-3.076728	
526	405	2	1.137297	-3.465898	1.128984	-3.076728	
527	405	3	1.112623	-3.364782	1.428613	-3.304457	1.250377	-3.062512	
528	405	2	1.110345	-3.299935	1.225577	-3.299935	
529	405	3	1.125708	-3.267061	1.174511	-3.233957	1.312745	-3.320035	
530	405	2	1.105711	-3.167393	1.167895	-3.167393	
531	405	1	1.483891	-3.114811	
532	405	3	1.439030	-3.076728	1.201298	-3.238685	1.292809	-3.167388	
533	405	4	1.103992	-3.167383	1.171824	-3.238698	1.549372	-3.067721	1.219503	-3.025484	
534	405	4	1.624044	3.115790	1.060113	-3.364796	1.263910	-3.167387	1.219279	-3.332544	
535	405	4	1.448568	-3.002230	1.114874	-3.076728	1.246317	-3.167393	1.342078	-3.267048	
536	405	5	1.207481	-3.167395	1.002259	-2.987528	1.172427	-3.167383	1.279689	-2.970005	1.076203	-3.258052	
537	405	7	1.138725	-3.167397	1.396722	-2.969985	1.424325	-2.620596	1.049294	-3.076729	1.084456	-3.167394	1.663517	-3.067721	1.164686	3.029058	
538	405	3	1.196089	-3.250531	1.455459	3.115793	1.232674	-3.114811	
539	405	6	1.256412	-3.167397	1.420170	3.115789	1.176219	-3.096092	1.561413	-3.117435	1.297669	-3.167383	1.254179	-3.096086	
540	405	5	1.179596	-3.258048	1.174213	-3.096080	1.364248	-3.167395	1.323435	-3.267059	1.236362	-3.025485	
541	405	5	1.275244	-3.167393	1.577705	-2.969984	1.120658	-3.167383	1.472578	-3.167391	1.205683	-3.250531	
542	405	6	1.287395	-3.025485	1.152190	-3.167388	1.259818	-3.067721	1.271793	-3.087558	1.369821	-3.034828	1.651817	-2.747497	
543	405	4	1.250256	-3.364782	1.364272	3.115792	1.130609	-3.025484	1.095589	-3.167396	
544	405	4	1.337455	-3.347237	1.433074	3.115803	1.244109	-3.067719	1.201455	-3.084247	
545	405	5	1.295275	-3.167396	1.302139	3.060299	1.345238	-3.119803	1.124331	-3.090616	1.224904	-3.167393	
546	405	4	1.264506	3.039022	1.254901	-3.167393	1.271033	-3.114803	1.209492	-3.167395	
547	405	4	1.419852	-3.167383	1.223789	3.115790	1.132711	-3.128943	1.225236	-2.908620	
548	405	2	1.446666	-3.034830	1.467289	-3.067721	
549	405	5	1.366471	-3.062513	1.409216	-3.104969	1.097267	-2.970000	1.556381	-3.119810	1.343842	-3.167383	
550	405	6	1.439354	-3.167396	1.417525	-3.364781	1.348450	-3.067721	0.935924	-3.465887	1.147919	-3.117427	1.290708	-3.067720	
551	405	4	1.510197	-3.167383	1.079597	-3.445685	1.509993	-3.134069	1.285879	-3.250532	
552	405	4	1.569545	-3.167383	1.218062	-3.516156	1.397535	3.115790	1.257339	-3.002234	
553	405	3	1.556272	-3.320035	1.164470	-3.364781	1.162685	-3.167390	
554	405	7	1.561663	-3.167397	1.164439	-3.364782	1.454428	3.115792	1.173963	-3.167383	1.291577	-3.167391	1.139163	-3.084247	1.230300	-3.235539	
555	405	3	1.639977	-3.244162	1.604617	3.053379	1.167704	-3.002246	
556	405	5	1.580923	-3.167394	1.348784	-3.167383	1.343561	-3.167395	1.254582	-3.184337	1.146663	-3.252045	
557	405	5	1.530753	-3.002234	1.415846	3.115802	1.246594	-3.167393	1.509372	-3.167383	1.275724	-3.090616	
558	405	8	0.717543	-3.025495	1.130543	-3.043037	1.375310	3.115802	1.475165	-3.200707	1.243536	-3.031857	1.120684	-3.238697	1.430900	-3.002243	1.055826	-3.167383	
559	405	4	1.167222	-3.050283	1.536687	3.016132	1.275079	-3.167383	1.221753	-3.152399	
560	405	5	1.292399	-2.969985	1.576146	3.049228	1.148659	-3.309282	1.285727	-3.072437	1.225655	-3.090616	
561	405	5	1.107283	-2.987542	1.147076	-2.969999	1.329957	-3.167391	1.275753	-3.090616	1.126563	-3.152390	
562	405	5	1.067845	-3.025495	1.229199	-3.002246	1.308637	-3.167396	1.061629	-3.076728	1.216065	-3.167393	
563	405	6	1.011125	-3.258051	1.328705	-3.067721	1.337974	3.115790	1.131944	-3.084247	0.991997	-3.084247	1.178906	-3.152385	
564	405	5	1.419739	-3.067721	1.243956	-3.076728	1.437031	3.044490	1.495717	-3.244161	1.140174	-3.031863	
565	405	7	1.181180	-3.250532	1.189642	-3.096080	1.222939	2.998692	1.509015	-3.167383	1.377781	-3.167383	1.294958	-3.096081	1.149054	-3.061742	
566	405	7	1.056629	-3.167383	1.009173	-3.167383	1.360081	2.963150	1.529704	-3.167383	0.988340	-3.167383	1.249504	-3.167395	1.124544	-3.152389	
567	405	6	1.073114	-3.250519	1.585469	-3.076730	1.315533	-3.226143	1.315632	-3.167383	1.087340	-3.167396	1.264149	-3.152389	
568	405	5	1.090821	-3.364795	1.638445	-3.250531	1.187471	-3.167391	0.807157	-3.167393	1.107116	-3.167383	
569	405	4	1.239408	-3.076730	1.198193	-3.332548	1.246954	-3.229807	1.463316	3.115803	
570	405	6	1.082592	-3.090616	1.542494	-3.167383	0.806972	-2.982035	1.398093	-3.233957	1.254226	-3.152388	1.535834	-3.229161	
571	405	6	1.573464	-3.258048	1.226598	-3.104968	1.377815	-3.167383	1.404538	-3.114807	1.190293	-3.084247	1.181326	-3.060654	
572	405	3	1.484158	-3.067719	1.180345	-3.100829	0.841597	-3.043028	
573	405	7	1.864036	-3.167396	1.087035	-3.096091	1.438682	-3.084247	0.806972	-2.982035	1.209023	-3.167394	1.319884	-3.167383	1.124691	-3.014745	
574	405	2	1.273233	-3.433647	1.468503	-3.152386	
575	405	4	1.170786	-3.100819	1.336460	-3.121969	1.191201	-3.110741	1.124544	-3.152389	
576	405	6	2.189075	-2.970004	1.149145	-3.167383	1.511617	-3.262342	1.323232	-3.096080	1.182008	-3.167395	1.045884	-3.167383	
577	405	5	1.403572	-3.167383	0.834128	-3.226152	1.372723	-3.093627	1.170779	-3.243053	1.073762	-3.152383	
578	405	7	1.126345	-3.002243	1.977998	-3.219970	1.201931	-3.167383	1.438428	-3.076728	1.220995	-3.167383	1.372854	3.130804	1.457211	-3.152394	
579	405	6	1.084549	-3.096080	1.246623	-3.267059	1.315646	-3.076728	1.091103	-3.167383	1.080789	-3.167395	1.209275	-3.235530	
580	405	1	0.868920	-3.050273	
581	405	8	1.171720	-3.014746	1.138950	-3.167393	1.750151	-3.084247	1.310299	-3.084247	1.225243	-3.250531	1.275084	-3.167394	1.138735	-3.309282	1.374593	-3.093627	
582	405	5	1.286782	-3.084247	1.253903	-3.291747	0.876761	-3.226145	1.288327	3.130797	1.295444	-2.987249	
583	405	4	1.194416	-3.014743	1.470701	-3.167383	0.859598	-3.284502	1.316913	3.130794	
584	405	5	1.342217	-3.167383	1.136595	-3.233957	1.366683	-3.084247	1.275055	-3.167395	1.301767	-3.152392	
585	405	6	1.200961	-3.104969	1.116395	-3.167383	0.882669	-3.111888	1.442649	3.130791	1.380050	-3.269497	1.520616	-3.204976	
586	405	4	1.204888	-2.987542	1.551547	3.115791	1.633608	-2.987528	1.059125	-3.252045	
587	405	4	1.555911	3.039025	1.631017	-3.014731	1.287027	-3.104969	1.372953	3.130793	
588	405	3	1.326827	3.115803	0.706974	-3.167393	1.378497	-3.152390	
589	405	4	1.293112	3.115787	1.207523	-3.043037	1.287903	3.068379	1.250657	-3.152389	
590	405	6	1.545549	-3.321533	1.034703	-3.096081	1.497327	-3.167387	0.773372	-3.167390	1.077496	-3.014737	1.291302	-3.089972	
591	405	5	1.125690	-3.364796	1.400089	-3.117428	1.565558	-3.067719	1.339161	3.115789	1.198995	-3.152389	
592	405	7	1.247360	-3.347238	1.337219	-3.104968	1.263447	-3.167391	0.903838	-3.167392	1.121355	-3.025495	1.362654	3.130795	1.477725	-3.099805	
593	405	5	1.107836	-3.250531	1.374181	3.115803	1.190369	-3.167393	1.329870	3.115803	0.792020	-3.104978	
594	405	5	1.120248	-3.076728	1.621268	-3.104968	1.419096	-3.267059	1.381513	-3.028027	1.342548	-3.211144	
595	405	6	1.131614	-3.076730	1.374181	3.115803	1.083385	-3.167383	0.880893	-3.019540	1.017168	-3.167383	1.391938	-3.089972	
596	405	6	1.139154	-3.084247	1.497578	3.115803	1.297291	3.115788	1.006272	-3.267059	1.249445	-3.152390	1.334347	-3.035285	
597	405	4	1.126056	-3.167397	1.395187	3.115795	1.558324	-3.167393	1.585375	-3.250532	
598	405	5	1.593750	3.115791	1.319187	3.115802	0.851057	-3.226153	1.183556	-3.167393	1.142963	-3.235540	
599	405	6	1.248336	-3.069810	1.626774	-2.982046	1.474622	-2.987528	1.154884	-2.956294	1.266240	3.130799	1.305430	-3.327067	
600	405	5	1.552538	-3.122384	1.333717	3.115790	1.070162	-3.167394	1.368029	3.013691	0.831021	2.824925	
601	405	4	1.174359	-3.167393	1.629168	-3.167396	1.348610	-2.987542	1.035513	-3.294285	
602	405	5	1.141346	3.061127	1.545877	-3.104969	1.361616	-3.093637	1.117729	2.873473	0.830236	-3.243048	
603	405	7	1.084259	-3.122383	1.540763	-3.121963	1.208766	-3.142397	1.431656	-3.090616	1.475447	-3.035277	1.477611	-3.443857	1.367940	-3.035277	
604	405	4	1.605998	-3.167383	1.255241	-3.043026	1.622736	-3.167383	1.295031	-3.167383	
605	405	7	1.608172	-3.122390	1.703888	-3.167396	1.451402	3.032654	1.384345	-3.089962	1.423401	-3.204976	1.227237	-2.954994	1.025028	-3.152394	
606	405	5	0.811501	-1.796583	1.456316	-3.122389	1.089528	-3.096080	1.429673	-3.167396	1.443275	-3.167394	
607	405	8	1.084259	-3.122383	1.417300	-3.003718	1.895298	-3.244161	1.159978	-3.167393	1.115884	-3.025484	1.337345	3.130789	1.431892	-3.047513	1.436676	-3.252053	
608	405	4	1.769572	-3.167383	1.511591	-3.167383	1.393511	-3.167390	1.461834	-3.014731	
609	405	2	1.240983	-3.167383	1.492820	-3.152389	
610	405	7	1.608172	-3.122390	1.051000	-3.122393	1.693615	-3.167395	1.170302	-3.299945	1.461834	-3.014731	1.346309	3.130800	1.319947	-3.211144	
611	405	5	1.367001	-3.122391	1.647194	-3.056733	1.378128	3.068381	1.051040	-3.223694	1.429180	-3.102432	
612	405	1	1.556742	-3.152385	
613	405	7	1.565225	-3.150797	1.355832	-3.123941	1.263238	3.115789	1.209720	-3.081079	1.432107	-3.443852	1.208964	3.130794	1.300825	-3.010490	
614	405	4	1.266147	-3.022718	1.364975	3.130789	1.496114	-3.152383	1.106878	-3.085821	
615	405	5	1.512650	-3.122392	1.159390	-3.167383	1.336532	-3.152381	1.172551	3.130789	1.431769	-3.152388	
616	405	5	1.501361	-3.122388	1.462195	3.089149	1.282785	-3.152385	1.324015	-3.152383	1.067142	-3.223699	
617	405	3	1.459865	-3.122389	1.468710	3.130797	1.323694	-3.152388	
618	405	2	1.257501	-3.172351	1.745935	-2.972535	
619	405	4	1.223279	3.130802	1.301505	-3.075623	1.033292	-3.081079	1.430641	-3.202346	
620	405	2	1.296453	3.130799	1.429048	-3.047512	
621	405	3	1.494033	-3.112774	1.278579	-3.204976	1.278751	3.130800	
622	405	6	1.142396	-3.122391	1.455037	-3.045621	1.318164	-3.085821	1.415211	-3.349781	1.324590	-3.152394	1.081655	-3.152393	
623	405	3	1.303509	3.130800	1.195762	-3.052732	1.426334	-3.152388	
624	405	4	1.540807	-3.164031	1.570944	-3.152399	1.344048	-3.152383	1.107968	-3.243043	
625	405	5	1.188557	-3.177887	1.304589	3.025266	1.405188	3.068379	1.213095	-3.099805	1.120742	-3.218963	
626	405	2	1.315689	3.064222	1.503610	-3.152390	
627	405	2	1.235593	-3.116685	1.261230	-3.223699	
628	405	5	1.412266	-3.082407	1.300564	3.130790	1.423833	-3.152386	1.081475	-3.152383	1.533321	-3.106970	
629	405	4	1.131112	-3.122391	1.402305	-3.089973	1.339886	-3.152393	1.251619	-3.102432	
630	405	2	0.931678	-3.063631	1.136069	-3.332233	
631	405	2	1.278130	3.130799	1.285720	-3.052732	
632	405	3	1.726815	-3.152389	1.052019	-3.247339	1.430619	-3.202345	
633	405	3	0.956639	-3.122389	1.292849	3.130802	1.209488	3.130796	
634	405	3	1.341508	-3.081078	1.498264	-3.104802	1.122649	-3.243044	
635	405	1	1.681755	-3.199162	
636	405	3	1.015873	-3.152231	1.360731	-3.099805	1.375529	-3.152388	
637	405	6	1.304411	3.117352	1.396176	3.068372	1.419082	-3.152395	1.377863	3.130801	1.042333	-3.152398	1.051419	3.047646	
638	405	1	1.417313	3.130797	
639	405	5	1.316625	-3.141580	0.976497	-3.122388	1.327566	-3.207890	1.124585	3.130792	1.330833	-3.152393	
640	405	3	1.378016	3.130799	1.384338	3.130786	1.051419	3.047646	
641	405	5	0.994613	-3.041918	1.387036	3.141593	1.346405	3.130799	1.272951	-3.207881	0.924416	-4.623512	
642	405	3	1.061988	-3.232244	1.238153	3.113211	1.064122	3.047659	
643	405	8	1.008001	-3.338985	0.947774	-3.241252	1.487842	3.122356	1.321771	3.130800	1.360873	-3.152386	1.445816	3.130797	1.057352	-2.972536	1.008046	-3.010490	
644	405	4	0.981652	-3.141578	1.267800	-3.058445	0.947957	-3.241252	1.880173	-3.085820	
645	405	5	1.008001	-3.338985	0.994025	-3.241252	1.379700	-3.141583	1.269859	-3.122390	1.433722	-3.152388	
646	405	7	0.981652	-3.141578	1.330439	-3.708317	1.255556	3.141593	0.947957	-3.241252	0.874063	-3.055821	1.266371	3.070138	1.123988	-3.207890	
647	405	5	1.031299	-3.141593	1.230501	3.130792	1.423396	-3.152388	0.914715	3.064234	1.345841	-3.152387	
648	405	4	0.881200	-3.141593	1.316790	-3.141587	1.562753	-3.200344	1.487842	3.122356	
649	405	3	0.996228	-3.075021	1.113092	-2.976444	1.222481	3.080840	
650	405	5	1.117458	-3.050928	1.136001	-3.122388	1.342637	3.085371	1.176509	2.972140	1.445225	2.965643	
651	405	4	0.996093	-3.141593	1.104713	-3.050928	1.467814	-2.954993	1.294924	-3.152393	
652	405	4	1.138470	-3.024487	1.050484	-3.064817	1.562753	-3.200344	0.932932	-3.252060	
653	405	3	1.178756	-3.141593	1.323752	3.141593	1.211775	-3.102431	
654	405	4	1.272631	-3.041918	1.269859	-3.122390	1.141714	3.110834	1.134102	-3.332247	
655	405	3	0.944807	-3.141593	1.528580	-3.141593	1.178193	-3.052729	
656	405	5	0.956008	-3.194171	0.959699	-3.141593	1.295374	3.058460	1.002561	-3.332232	1.506766	-3.359884	
657	405	2	1.088939	-3.050928	1.248287	3.080840	
658	405	3	1.252649	3.058447	1.129169	-3.306737	1.236689	3.115372	
659	405	2	2.265944	-3.306741	1.529979	-3.141593	
660	405	4	1.811676	-3.298188	1.071274	-3.232244	1.040337	-3.321442	1.417329	-3.099805	
661	405	4	1.025784	-3.241260	1.133560	-3.224725	1.333600	-3.141579	1.399617	-2.972535	
662	405	2	1.106418	-3.232246	1.669440	-3.089006	
663	405	4	1.023712	-2.961744	1.349827	-3.087588	1.173389	-3.218369	1.140153	3.110842	
664	405	1	1.199302	-3.141593	
665	405	3	2.101498	-3.794431	1.002299	-3.232243	1.124324	-3.058444	
666	405	2	1.066529	-3.058447	1.006278	-3.241252	
667	405	1	0.913424	-3.241252	
668	405	1	0.987314	-3.050925	
670	405	1	1.258968	2.976448	
671	405	4	2.491247	-3.508762	1.054930	-3.522094	1.263487	-3.064815	1.290587	-3.122393	
672	405	3	1.241467	-3.419889	1.487244	-3.631544	1.464335	-3.265936	
673	405	2	0.913682	2.930496	1.230630	3.050939	
674	405	3	1.412452	-3.860429	1.916178	2.122443	1.117426	-2.976436	
675	405	8	1.741747	-3.926971	0.852321	-3.075021	1.011781	-2.988938	1.700206	-3.985760	1.041440	2.966925	1.366761	2.976448	1.123281	2.761079	0.880183	3.030938	
676	405	8	1.344606	-3.522094	0.914433	-3.141585	0.993677	-2.934091	0.902469	2.999697	1.130540	3.041933	2.309604	-3.892520	1.149256	-3.232260	1.499170	-3.258699	
677	405	6	1.332671	-3.669672	0.749899	-3.058445	0.967163	-3.079170	0.847582	2.910503	1.156748	-3.224740	1.083042	-3.515761	
678	405	5	1.018314	-3.463343	1.481241	3.070291	0.946547	-3.041918	0.780393	3.141593	0.959479	2.819844	
679	405	8	0.926590	-3.490357	1.344927	3.058447	1.042224	-3.294241	0.831243	-3.070282	0.947564	-3.141583	1.299425	-3.141581	1.086253	-3.306737	1.170211	-3.180032	
680	405	8	0.774384	-3.338979	1.421249	3.141593	1.053616	-3.091631	1.238156	-2.988933	0.993677	-2.934091	1.187189	-3.041918	1.023362	-2.944200	1.700058	3.036719	
681	405	6	0.773519	-3.141593	0.979389	-2.896614	1.098769	-3.141593	0.855357	-2.988933	0.780393	3.141593	1.154292	-3.058445	
682	405	7	0.789863	-3.338985	1.426089	3.086099	0.931806	-3.141593	1.292455	-2.782820	0.932004	-2.850129	1.287048	-3.141582	1.448267	-3.079170	
683	405	4	1.412656	2.976444	0.885184	-3.141593	1.322873	-3.258699	0.905389	-2.843085	
684	405	4	1.165917	-3.070281	1.007328	-3.009033	1.227493	-3.050928	1.263826	-2.988948	
685	405	2	0.991070	-3.058445	1.247238	-3.224732	
686	405	1	1.344800	2.961743	
695	405	1	1.199182	3.041933	
696	405	1	1.034030	-2.616851	
698	405	2	1.026800	-2.395526	1.337505	3.074738	
699	405	1	1.281872	-3.141579	
700	405	1	1.098248	2.693087	
701	405	2	1.038996	-3.111727	1.201301	2.891930	
702	405	2	1.250142	3.017239	1.185007	-3.064798	
703	405	3	1.123690	2.746618	0.984452	3.074726	1.279130	2.991591	
704	405	2	2.223991	2.492247	1.134407	2.991589	
705	405	1	1.367180	2.554976	
706	405	2	0.911018	2.891930	0.985758	3.054019	
707	405	3	1.273815	2.705545	1.032380	2.900950	1.134407	2.991589	
708	405	3	1.081217	2.991587	1.150316	2.914816	1.199346	-3.080500	
709	405	2	1.803026	-2.331531	1.036617	2.826430	
712	405	1	1.551517	2.693097	
713	405	2	1.262545	2.527942	1.149361	-2.763513	
715	405	1	1.040089	-3.138936	
718	405	1	1.478899	-3.013293	
720	405	1	0.734063	-2.935772	
722	405	1	1.298148	-3.106247	
727	405	1	1.038244	-1.524878	
730	405	1	1.323740	-2.203899	
464	406	1	0.900194	-3.033723	
466	406	1	1.182771	-3.115237	
467	406	1	1.099526	-3.036697	
472	406	1	1.438583	-3.113465	
474	406	2	1.147536	-3.247789	1.099764	-3.247789	
475	406	2	1.054590	-3.095138	1.119648	3.035396	
477	406	3	1.443565	-3.009176	1.530671	-3.320829	1.235152	-3.157125	
479	406	2	0.987380	2.958625	1.402992	-3.247785	
482	406	1	1.235152	-3.157125	
483	406	1	0.946129	3.118536	
484	406	1	1.246841	-3.157125	
487	406	1	1.023092	-3.095138	
492	406	1	1.257342	-3.130675	
494	406	2	0.989385	-3.128360	1.490438	3.112167	
498	406	1	1.171384	3.035403	
510	406	1	1.437103	-3.125746	
512	406	1	1.004767	-3.167391	
519	406	1	1.019647	-3.197684	
520	406	2	0.864070	-3.100819	1.395537	-3.298214	
521	406	1	1.010412	-3.238697	
522	406	2	0.857016	-3.229808	1.428613	-3.304457	
523	406	1	1.137297	-3.465898	
524	406	1	0.756923	-3.167396	
525	406	2	0.945923	-3.244161	1.225577	-3.299935	
527	406	1	1.287706	3.115797	
532	406	3	1.227962	-2.987528	1.372976	2.963150	1.401670	-2.800212	
538	406	1	1.073552	-2.987537	
540	406	1	1.230953	2.782026	
542	406	1	1.087022	-3.002238	
543	406	1	1.073291	-3.099805	
547	406	1	0.988532	-3.152386	
548	406	2	1.111582	-2.940583	1.323862	-3.263046	
549	406	3	1.372347	-3.594012	1.174146	-2.860931	1.032913	-3.152394	
550	406	1	1.201325	-3.243044	
551	406	2	1.346132	-3.075621	0.988532	-3.152386	
552	406	3	1.475798	-3.167388	1.230300	-3.235539	1.456547	-3.052716	
553	406	1	1.032913	-3.152394	
554	406	2	1.064414	-3.062513	1.339510	3.130797	
555	406	4	2.178104	-3.090622	1.469311	-3.117436	1.463057	3.020141	1.070903	-3.252049	
556	406	3	1.356204	-3.152391	1.131488	3.083214	1.456547	-3.052716	
557	406	1	1.036368	-3.204968	
558	406	4	0.382294	-3.258049	1.273715	-3.028036	1.247530	3.130797	0.965271	-3.152393	
559	406	3	1.498133	-3.067721	1.065803	-3.167392	1.396889	-3.207889	
560	406	2	1.625238	-2.853889	1.127520	-3.052717	
562	406	5	1.651772	-3.111896	1.354353	3.054024	1.422164	-3.152387	1.039449	-3.099805	1.396889	-3.207889	
563	406	4	1.702300	-3.121969	1.316560	-2.992722	1.746499	-3.002234	1.351247	-3.152390	
564	406	2	1.448534	-3.152384	1.060658	-3.052717	
565	406	3	1.529170	-3.076729	1.192872	-3.056723	1.230923	3.130801	
567	406	2	1.288887	3.130794	1.226197	-3.061728	
568	406	2	1.438844	-3.084247	1.448534	-3.152384	
569	406	3	1.557881	-3.096080	1.367244	-3.229160	1.153177	2.950939	
570	406	2	1.579620	-3.076728	1.405313	-3.113944	
571	406	3	1.260793	-3.152388	1.337160	-3.069251	1.432607	-3.152389	
572	406	2	1.441324	-3.076730	1.007491	-3.207889	
573	406	1	1.378614	-3.019839	
574	406	4	1.741968	-3.167383	1.376192	-3.211153	1.116833	-3.052714	1.058626	-3.252060	
575	406	3	0.841597	-3.043028	1.260059	3.068370	1.424857	-3.152388	
576	406	5	1.143309	-3.167389	1.687877	-3.052715	1.234934	3.130801	1.032831	-3.152386	1.093003	3.130797	
577	406	1	0.946346	-2.954449	
578	406	6	1.445714	-3.150797	0.841965	-3.167392	1.518970	-3.099805	1.368661	3.130794	1.043545	-3.252064	1.165855	-3.037513	
579	406	2	0.941374	-2.983444	1.437758	-3.152388	
580	406	5	1.058646	-3.258048	1.042366	-3.167389	1.350438	3.072041	1.228780	-3.152388	1.251038	-3.152386	
581	406	4	1.116233	-3.267048	1.058613	-3.349785	1.244869	3.040128	1.057327	-3.152386	
582	406	1	1.655234	-3.152386	
583	406	4	1.082570	-3.067721	1.509066	-3.204968	1.185691	-3.061728	1.047210	-3.052730	
584	406	3	1.545549	-3.321533	1.225592	-3.167392	1.550920	-3.152392	
585	406	2	1.175873	-3.061728	1.047010	-3.102432	
586	406	1	1.335067	3.115789	
587	406	5	1.160728	-2.818621	1.254842	-3.167383	1.451108	-3.152393	1.414053	3.130798	1.093073	-3.252060	
588	406	2	1.247411	-2.987529	1.483250	-3.152388	
589	406	4	1.510665	-3.167383	1.166187	-3.167392	1.054962	-3.202352	1.099516	-3.015323	
590	406	4	1.209876	-3.167397	1.246285	3.115796	1.528433	-3.052730	1.206326	2.950934	
591	406	2	1.128853	-3.167391	1.078043	-3.152388	
592	406	4	1.804944	-3.014743	1.099429	-2.860940	1.192161	-3.152388	1.427145	-3.152388	
593	406	4	1.157757	-3.222886	1.377863	-3.152398	1.070811	-3.204968	1.659096	3.020139	
594	406	5	1.221396	-3.084247	1.121121	-3.167392	0.697307	-3.025484	1.412913	3.090818	1.190517	3.015922	
595	406	4	1.268341	3.115802	1.083346	-2.860941	0.820980	3.080840	1.349076	-3.096888	
596	406	1	1.350902	-2.977714	
597	406	3	1.268341	3.115802	1.363346	3.006437	1.406140	-3.041731	
598	406	2	1.150789	-3.002230	1.073485	-3.259126	
599	406	7	1.242503	-2.845643	1.192170	3.115795	1.555012	-3.010490	1.008522	-3.257270	0.983280	2.965656	1.289562	-3.096888	1.480647	-3.199971	
600	406	2	1.132310	-3.278991	1.202535	3.056855	
601	406	3	1.297913	-3.152382	1.046287	-3.218962	1.158821	-3.152385	
603	406	2	1.308161	-3.349787	1.314006	-3.152395	
604	406	2	1.144937	-2.965790	1.329568	-3.269503	
605	406	3	1.349069	-3.152389	1.157400	-3.061728	0.902209	-3.057441	
606	406	2	1.500327	-3.243044	1.319399	3.130792	
607	406	2	1.287339	3.040129	1.170787	-3.061730	
608	406	3	1.144937	-2.965790	1.281052	3.130792	1.523500	-3.096888	
609	406	3	1.500327	-3.243044	1.115284	3.130799	1.034743	3.130787	
610	406	2	1.207677	-3.207889	1.331549	-3.041731	
611	406	4	1.216691	3.130797	1.024150	-3.349787	1.071911	2.950953	1.523500	-3.096888	
612	406	2	1.069492	-3.233041	0.984207	-3.152395	
613	406	3	1.003503	-3.359884	0.892046	-3.052733	0.972079	3.040143	
615	406	4	1.106058	-3.061728	1.163784	-3.069237	1.202191	2.978149	0.949413	3.130801	
617	406	3	1.096663	3.130797	0.881796	-3.052730	1.285025	-3.096888	
618	406	2	1.159226	-3.152399	1.277428	3.130792	
619	406	3	0.926440	-3.122394	0.952071	-3.061728	1.546533	-3.152388	
620	406	4	1.630735	-3.122390	1.047428	-3.252045	1.092900	-3.108944	1.129568	3.130797	
621	406	1	1.430925	3.130790	
622	406	2	1.015873	-3.152231	1.099069	-3.152399	
623	406	3	1.102486	-3.177886	1.213747	3.054023	1.455714	-3.096897	
624	406	3	0.916193	-3.052717	1.032074	3.130797	1.303840	2.965650	
625	406	2	1.215930	3.080839	1.132753	-3.069251	
626	406	2	1.001009	-3.052717	0.987730	3.130797	
627	406	2	1.200025	3.031122	1.405537	-3.152385	
628	406	3	1.048397	-3.061742	1.150488	3.130797	1.370124	-3.096887	
629	406	3	1.611983	-3.122390	1.229983	-3.041731	0.951037	3.130787	
630	406	1	1.422956	3.068381	
631	406	3	1.183062	-3.041740	0.907887	2.839342	1.636831	-3.152388	
632	406	3	1.176738	-3.011733	1.160204	-3.041730	1.285222	-3.099805	
633	406	4	1.481513	-3.083948	1.350746	-3.102431	1.422956	3.068381	1.002993	3.087349	
634	406	2	1.158482	-3.041731	1.499638	-3.152387	
635	406	3	1.346588	-3.052729	1.295115	3.040128	1.543338	3.130797	
636	406	1	1.050419	-3.181145	
637	406	1	1.450205	3.130800	
638	406	5	1.020320	2.963401	1.356040	3.036440	1.075967	-3.211144	1.174300	3.130795	1.471943	-3.257267	
639	406	4	1.547650	-2.916989	1.050595	-3.063630	1.104230	-3.066886	1.543338	3.130797	
640	406	1	1.354559	3.058460	
641	406	1	1.470230	3.130800	
642	406	3	1.379170	-3.080744	1.243209	-3.052715	1.465272	-3.041731	
643	406	7	1.313589	3.058458	1.204222	-3.141593	1.076340	-3.122393	1.019317	-3.005283	1.580228	3.040131	0.906372	-3.584793	1.315400	3.130792	
644	406	2	1.243137	-2.930496	1.330439	-3.708317	
645	406	5	1.531800	-3.200344	1.214154	3.141593	1.580228	3.040131	1.029420	-3.337742	1.444859	-3.263047	
646	406	2	1.083721	-3.141586	1.009061	-3.297064	
647	406	2	1.227492	-3.050928	1.479529	3.084023	
648	406	1	1.223048	-3.032958	
649	406	3	2.161869	-3.402191	1.448364	-3.058445	1.277565	-2.967047	
650	406	2	1.083721	-3.141586	1.045129	-3.066886	
651	406	1	1.383858	-2.961743	
652	406	4	1.738993	-3.306737	1.323321	3.141593	0.851864	-3.122392	1.481899	-3.082407	
653	406	6	1.611451	-3.058447	1.150751	-3.141593	1.021131	-3.050928	1.124348	-3.174977	1.379990	-2.957239	1.695916	-3.152390	
654	406	1	1.531967	3.070291	
655	406	2	1.505942	-3.141593	1.251420	-3.141593	
656	406	2	1.592989	-3.218358	1.154806	-3.141593	
657	406	4	0.925456	-3.054849	1.418359	3.141593	1.131118	-3.011732	1.479752	3.084023	
658	406	2	1.111789	-3.141579	0.851864	-3.122392	
659	406	2	1.823043	-3.218357	1.322780	3.141593	
660	406	1	1.048520	-3.208154	
661	406	2	1.582116	-3.141593	1.163908	-3.227261	
662	406	2	1.551661	-3.024484	1.479752	3.084023	
663	406	1	1.496416	-3.050927	
664	406	2	1.281873	-3.141578	1.058408	-3.122391	
665	406	1	1.633032	-3.294238	
666	406	3	1.590146	-3.141593	1.329709	3.141593	1.410255	-3.079170	
667	406	2	1.471286	-3.050924	1.307408	-3.091855	
668	406	5	1.470045	-2.863291	0.758138	-2.642232	1.185140	-3.172352	1.541609	-3.085370	1.021212	-0.568806	
669	406	2	1.548929	3.141593	1.520517	-3.082833	
670	406	1	2.400554	-3.298189	
671	406	2	0.872147	-3.767068	1.199457	-3.041918	
672	406	2	1.204634	-3.141593	0.898659	2.709186	
673	406	6	1.152467	-4.145668	1.807424	-3.075021	0.875619	-2.736696	1.549272	-3.117202	1.451868	2.914800	1.355421	2.677955	
674	406	3	1.410555	-3.648681	1.063572	-2.961743	1.190801	-3.637983	
675	406	4	1.076373	-3.522094	1.402956	-3.690140	0.913859	2.863286	0.938476	-3.673307	
676	406	3	0.886220	-3.321442	1.322669	-3.050928	1.823547	2.896614	
677	406	1	1.582114	-3.141593	
678	406	1	1.538956	3.141593	
681	406	2	0.501274	-3.030933	1.309158	-2.850133	
682	406	2	1.189617	-2.896608	1.195021	-2.896608	
683	406	2	1.234236	-2.843085	1.450938	-2.976448	
684	406	3	1.009853	-2.875339	1.189617	-2.896608	1.129926	-2.896614	
685	406	2	0.979494	-2.896610	1.527931	-2.910499	
686	406	3	0.517174	-2.914789	0.620851	-2.927534	1.136617	-2.714957	
687	406	1	1.171842	-3.026715	
690	406	2	1.386908	-3.009033	1.168686	-2.911088	
692	406	1	1.213799	-3.094189	
694	406	1	1.158819	3.091255	
696	406	1	1.189171	2.794184	
697	406	1	1.233688	3.058165	
698	406	1	1.401936	-2.911083	
699	406	1	1.120299	-2.703587	
700	406	1	0.955276	2.991591	
701	406	1	1.151174	-2.993099	
702	406	1	1.721214	1.884437	
704	406	3	1.164965	3.082252	0.942612	3.082252	2.366417	-2.506201	
706	406	1	1.164965	3.082252	
709	406	1	1.551517	2.693097	
711	406	1	1.262545	2.527942	
723	406	1	1.460006	-2.785746	
464	407	1	1.472014	-2.958811	
465	407	1	1.162333	-3.151314	
468	407	1	1.301795	-3.233295	
470	407	2	1.147536	-3.247789	1.099764	-3.247789	
471	407	2	1.646276	-3.200204	0.962858	2.995427	
472	407	1	1.485322	-3.273420	
477	407	1	1.718000	-3.144706	
479	407	1	1.074143	3.106708	
483	407	1	1.508693	3.135065	
488	407	1	1.490438	3.112167	
489	407	1	1.718000	-3.144706	
490	407	1	1.102569	2.893504	
495	407	1	1.684688	-3.178132	
512	407	1	1.019647	-3.197684	
544	407	1	1.179622	-2.977401	
545	407	1	1.175590	2.897053	
546	407	1	1.207895	3.093773	
551	407	1	1.254606	-2.874093	
553	407	1	1.390396	-2.639308	
555	407	1	1.412691	-3.371056	
557	407	2	1.680363	-2.506341	1.211975	-3.081089	
558	407	1	0.965860	-2.868879	
559	407	2	0.952078	-2.786871	1.212669	3.130794	
560	407	2	1.097057	-3.167383	1.158678	-3.028027	
562	407	2	1.119941	-3.069243	1.125931	3.054025	
563	407	1	1.103396	2.839342	
564	407	2	1.206893	-3.299948	1.112337	-3.152388	
565	407	1	1.106251	-2.725753	
566	407	1	1.338749	3.130800	
567	407	2	1.112337	-3.152388	1.365796	-3.152385	
568	407	1	1.042067	-3.102431	
569	407	2	1.192872	-3.056723	1.458705	-3.152389	
570	407	2	1.160835	-3.090615	1.247918	-3.152390	
572	407	1	1.215269	-3.152390	
573	407	1	1.110503	-3.214806	
574	407	2	1.130067	-3.050282	1.317372	3.130792	
575	407	1	1.114463	-3.214804	
577	407	2	1.147812	-3.152388	1.379625	-3.099805	
578	407	2	0.942829	-2.934832	1.176605	-3.089972	
579	407	1	1.458705	-3.152389	
580	407	1	1.133635	-3.214815	
581	407	1	1.416420	-3.152389	
583	407	1	1.425331	-3.052730	
584	407	2	1.381416	-3.243056	1.286427	-3.081079	
585	407	2	1.123633	-3.087558	1.213243	3.006437	
586	407	2	1.515400	-3.075610	1.169045	3.130794	
587	407	1	1.223700	-3.035278	
588	407	2	1.264766	-3.252060	1.450083	-3.052716	
589	407	1	1.659096	3.020139	
590	407	1	1.101002	-3.214806	
591	407	2	1.409366	3.130801	1.494032	-3.235527	
592	407	2	1.170819	-3.152390	1.309952	3.130791	
593	407	2	1.101825	-2.954996	1.501496	3.130797	
594	407	1	0.910151	-3.152391	
595	407	1	1.310936	-2.972536	
596	407	3	1.132889	-3.214804	1.501496	3.130797	1.269110	3.013688	
597	407	2	0.859375	3.089484	0.983280	2.965656	
598	407	2	1.364824	-3.349786	1.628270	-3.075610	
599	407	2	1.192111	-3.269497	2.079319	3.130795	
600	407	3	1.203443	-2.965781	1.222251	-2.818621	1.285713	-3.252060	
602	407	3	1.555012	-3.010490	1.395812	-2.954999	1.089188	-3.069251	
603	407	3	1.147928	3.108208	1.070100	-2.954993	1.356587	3.075297	
605	407	4	1.419124	-2.886129	1.561868	-3.190832	0.908761	2.923301	1.466035	2.998251	
606	407	2	1.404574	-2.898907	1.241998	2.904003	
607	407	2	1.125252	-3.122382	1.257437	-3.052714	
608	407	2	1.077434	3.130797	0.913081	2.950940	
609	407	2	1.587403	-2.925588	1.170787	-3.061730	
610	407	1	1.133505	-3.075623	
611	407	2	1.188645	-3.122389	1.049035	3.130797	
612	407	1	1.515693	-3.075622	
613	407	1	1.151467	3.047658	
614	407	1	1.312402	3.013688	
615	407	1	1.103017	3.105290	
616	407	1	1.205013	-2.973499	
618	407	1	1.117333	-3.011732	
619	407	1	1.086363	-3.174978	
622	407	1	0.980246	3.040143	
626	407	1	0.916193	-3.052717	
627	407	1	1.180356	-3.072425	
628	407	1	0.880946	-3.099805	
631	407	1	1.169555	-3.122396	
635	407	1	1.095232	-3.122390	
640	407	1	1.818312	-2.809357	
641	407	2	0.968957	3.064322	2.104655	-2.688736	
646	407	1	2.161869	-3.402191	
647	407	2	1.731250	-3.141582	1.147259	-3.011732	
650	407	2	1.731250	-3.141582	1.049600	3.036443	
651	407	1	0.876980	-2.830639	
654	407	1	1.049600	3.036443	
665	407	1	1.331046	-2.914795	
666	407	1	0.747104	-3.232260	
667	407	2	0.856845	-3.141593	0.967550	-2.761078	
668	407	1	0.724128	-3.241267	
669	407	3	1.211483	-3.079170	1.816309	3.082843	0.960310	-2.743068	
671	407	1	1.116240	2.422757	
672	407	5	1.207023	-4.124379	2.951155	-3.605233	1.060088	2.601176	1.816309	3.082843	1.087645	-2.891295	
673	407	8	1.129141	-4.101676	1.676533	-3.141593	1.176518	2.191048	1.005807	2.704975	1.016564	-4.017649	0.904290	2.629208	1.035175	-3.522094	1.614322	2.677953	
674	407	2	1.554057	-3.141593	1.280434	-3.640941	
675	407	2	1.392870	-3.648694	1.704946	-3.079170	
679	407	1	1.701384	-3.107121	
680	407	1	1.567622	-3.070281	
682	407	1	1.283898	-2.976436	
683	407	1	1.435676	-2.843085	
685	407	2	1.575073	-1.471122	1.362042	-2.792816	
686	407	1	1.136879	-2.677933	
687	407	1	1.161000	-2.976436	
688	407	2	1.126508	-2.792816	1.271620	-2.381832	
689	407	3	0.501274	-3.030933	1.444822	-2.896618	1.045421	-3.025342	
690	407	2	0.987429	-2.403766	1.120617	-3.046611	
691	407	1	1.092837	-3.126453	
692	407	1	1.071783	3.074726	
693	407	1	1.113627	3.102254	
694	407	1	1.425821	-2.956243	
695	407	1	1.170404	-3.126441	
697	407	2	1.146454	2.811742	1.184649	-3.094205	
698	407	2	1.258263	2.811741	1.157264	3.140484	
699	407	2	1.061733	-3.138948	1.184649	-3.094205	
700	407	1	1.217467	2.991593	
701	407	2	1.199840	2.849692	1.253218	3.091269	
702	407	2	1.130219	3.039172	1.657942	2.403593	
703	407	1	1.123966	2.929170	
705	407	1	1.026326	3.047087	
707	407	1	0.913508	2.908452	
709	407	1	1.306188	2.991591	
469	408	1	0.893518	2.924738	
551	408	1	1.384545	-2.906786	
553	408	1	1.243765	-3.167393	
554	408	1	1.245927	2.832302	
555	408	1	1.286286	-3.212817	
556	408	2	1.265908	-3.167383	1.282788	-2.794406	
558	408	2	1.137618	-3.810883	1.127203	-3.167382	
559	408	2	0.877984	-3.167383	1.036695	-3.250532	
560	408	1	1.182507	-3.025495	
561	408	1	1.493179	-2.906788	
562	408	1	1.295796	-3.167393	
563	408	1	0.979163	-3.043035	
564	408	3	1.118039	-3.347256	1.252458	-3.104968	1.279756	3.130787	
566	408	1	1.382069	3.130800	
567	408	1	1.336345	3.130800	
569	408	1	1.274219	3.130797	
570	408	1	1.665593	2.618412	
573	408	1	1.509153	3.044488	
575	408	1	1.391066	3.130800	
576	408	1	1.115026	3.016127	
577	408	1	1.628387	3.130797	
578	408	1	1.301801	3.115797	
580	408	1	1.388884	3.073715	
583	408	1	1.388561	3.039022	
585	408	1	1.310275	2.910403	
587	408	1	1.446160	3.001094	
603	408	1	0.552255	2.520068	
606	408	2	0.609205	2.974196	1.455251	2.667150	
607	408	1	1.458047	3.040128	
609	408	1	1.318766	-2.954993	
611	408	2	1.700512	3.084023	1.446798	3.130800	
615	408	1	1.535710	-2.999737	
616	408	2	1.416382	-3.122393	1.368092	-3.128005	
620	408	1	1.416382	-3.122393	
622	408	1	1.207211	-3.069802	
624	408	1	1.603822	3.130798	
625	408	1	1.490641	3.117351	
626	408	2	1.207211	-3.069802	1.445701	2.818752	
629	408	1	1.121786	3.105299	
657	408	1	0.320493	-1.171090	
662	408	1	1.166969	-1.919560	
667	408	2	2.613521	-3.402191	1.263909	2.936197	
668	408	1	2.511068	-1.405637	
669	408	1	0.975370	-2.589932	
671	408	1	1.054454	-4.532525	
672	408	3	1.098041	2.077898	0.694009	-4.712389	1.916178	2.122443	
673	408	3	1.115591	1.873680	2.309604	-3.892520	0.867234	2.319172	
685	408	1	1.747856	-2.880994	
687	408	2	1.111725	-2.530869	1.348556	-2.578270	
688	408	1	1.143804	-2.553582	
689	408	3	1.476748	-2.466849	1.140122	-2.714957	1.107760	-3.094204	
691	408	3	1.309460	-2.736696	1.043710	-2.864970	0.935191	-2.671345	
692	408	3	0.921589	-2.512783	1.308227	-2.630551	0.986457	-2.605863	
694	408	1	1.283940	2.991605	
696	408	1	1.096656	2.991588	
698	408	1	1.184786	2.669841	
726	408	1	1.038244	-1.524878	
559	409	1	1.680363	-2.506341	
569	409	1	1.074729	3.016125	
571	409	1	1.199797	3.025133	
618	409	1	2.243478	-2.712543	
660	409	1	1.006645	-2.800637	
670	409	2	1.072147	2.316226	1.186961	2.231852	
671	409	3	0.758148	-4.712389	0.930907	2.403781	1.016564	-4.017649	
672	409	1	0.720501	2.158811	
686	409	1	1.901694	-2.782820	
687	409	1	1.641767	-2.647640	
688	409	1	0.935910	-2.253111	
690	409	3	1.310241	-2.613525	1.060765	-3.046623	1.341261	-2.703587	
691	409	3	1.111330	-2.601169	1.422022	-2.797657	1.147000	-2.596854	
692	409	2	1.498660	-2.630550	1.182132	2.941637	
693	409	2	0.925808	-2.634492	1.307597	-2.751166	
694	409	2	1.115898	-2.784487	1.604055	-2.648086	
732	409	1	1.407378	-2.493399	
561	410	1	1.438521	3.115802	
563	410	1	1.960910	-3.010791	
567	410	1	1.149399	2.527815	
669	410	1	0.898554	2.316226	
670	410	1	0.988302	2.256527	
671	410	4	0.917392	-4.299970	1.098041	2.077898	0.793352	1.723456	0.821215	-4.537724	
672	410	1	0.694009	-4.712389	
688	410	1	1.480753	-2.455861	
689	410	3	0.980510	-2.312741	1.003158	-2.498110	0.970238	-2.686042	
690	410	1	1.088771	2.772923	
691	410	3	1.351458	-2.480548	1.284200	-2.553781	1.390247	-2.572753	
692	410	3	1.200656	-2.466850	1.196034	-2.506192	1.250698	-2.589336	
693	410	3	1.340246	-2.582992	1.253156	-2.574845	0.926689	-2.634491	
694	410	3	0.902582	-2.677945	1.373114	-2.677936	0.837459	-2.506189	
695	410	3	1.105195	-2.506191	1.025327	-2.572768	1.626452	-2.827947	
696	410	2	1.182583	-2.572756	1.753743	-2.572757	
670	411	1	0.933046	2.158799	
671	411	4	0.657726	-4.712389	0.725733	-4.570505	0.610138	1.570796	0.967641	-4.124378	
690	411	2	1.123770	-2.677945	0.958040	-2.751165	
691	411	2	1.002127	-2.393211	0.855057	-2.703599	
692	411	1	1.372150	-2.473947	
693	411	4	1.282874	-2.422746	1.247512	-2.553781	1.481755	-2.648093	1.367252	-2.743044	
695	411	2	1.356326	-2.619185	1.120969	-2.601168	
696	411	2	0.922115	-2.743068	0.909625	-2.648093	
697	411	4	1.433826	-2.570248	1.283243	-2.572768	1.291923	-2.739937	1.753743	-2.572757	
698	411	1	1.420759	-2.662793	
699	411	1	1.404147	-2.616841	
726	411	1	1.054755	-1.524898	
735	411	1	1.407378	-2.493399	
670	412	2	0.994820	-4.279974	1.165047	1.304556	
671	412	2	0.697180	1.768204	0.487817	1.735956	
689	412	1	1.531693	-2.265536	
691	412	1	1.665938	-2.446847	
692	412	1	1.215722	-2.763518	
693	412	1	1.369403	-2.648094	
694	412	1	1.336497	-2.572768	
695	412	3	1.519852	-2.308799	1.558245	-2.648093	1.456750	-2.751178	
696	412	1	1.248096	-2.601168	
697	412	3	0.962307	-2.709177	1.036016	-2.677945	0.902923	-2.564942	
698	412	2	1.277080	-2.572768	1.122946	-2.553770	
699	412	2	1.224814	-2.558781	1.646064	-2.572768	
700	412	1	1.317194	-2.662793	
701	412	1	1.404147	-2.616841	
669	413	1	0.933144	1.626298	
670	413	1	0.821215	-4.537724	
671	413	2	1.044149	-4.612714	1.629140	-4.411460	
692	413	2	1.177048	-2.356186	1.108749	-2.356204	
694	413	2	1.435342	-1.975694	1.501032	-2.447438	
695	413	3	1.201920	-2.446851	1.475650	-2.414945	1.038061	-2.616851	
696	413	2	1.578241	-2.220133	1.064047	-2.616863	
697	413	2	1.422991	-2.689304	1.356336	-2.577501	
698	413	3	1.158008	-2.399635	1.084219	-2.480538	1.140955	-2.751166	
699	413	1	1.097395	-2.572768	
700	413	3	0.924433	-2.613504	1.549999	-2.570256	1.218965	-2.558784	
701	413	1	0.953649	-2.553582	
702	413	1	1.317194	-2.662793	
694	414	1	1.134635	-2.356184	
695	414	1	1.501032	-2.447438	
696	414	2	1.405982	-2.506566	1.385477	-2.553584	
697	414	1	1.248929	-2.506192	
698	414	2	1.086151	-2.395543	1.611025	-2.630550	
699	414	4	1.243246	-2.553581	1.071445	-3.141593	1.110128	-2.572768	1.299664	-2.625628	
700	414	2	2.290620	-2.662783	1.481361	-2.577502	
701	414	1	1.197656	-2.558771	
702	414	2	0.957767	-2.553593	1.310432	-2.572768	
703	414	1	1.418975	-2.558793	
738	414	1	1.417130	-2.319907	
669	415	2	2.494847	2.106608	1.034882	-4.331861	
670	415	1	0.911578	1.849090	
693	415	1	1.712360	-2.439340	
697	415	2	1.304018	-2.364308	1.326172	-2.572768	
698	415	1	1.355804	-2.214738	
699	415	1	1.067069	-2.447439	
700	415	2	1.149163	-2.408781	1.319816	-2.717285	
701	415	1	1.231101	-2.582995	
702	415	4	1.931663	-2.589336	1.714406	-2.409716	1.638834	-2.630538	1.257662	-2.572753	
703	415	3	1.511609	-2.629201	1.175411	-2.680863	1.043651	-2.506201	
704	415	1	1.235313	-2.616851	
670	416	1	0.845744	1.815775	
694	416	1	1.595973	-2.325903	
699	416	2	1.324449	-2.248865	1.282489	-2.540666	
700	416	2	1.229676	-2.356194	1.086151	-2.395543	
701	416	1	1.069438	-2.616853	
702	416	2	1.268334	-2.432959	0.989901	-2.634479	
703	416	1	1.000440	-2.506189	
704	416	3	1.360163	-2.703587	1.324468	-2.625628	1.370766	-2.668393	
705	416	2	0.957767	-2.553593	1.290628	-2.558784	
706	416	1	1.431954	-2.896605	
669	417	1	0.694736	2.111220	
695	417	1	1.413144	-2.199582	
699	417	1	1.480622	-2.227885	
700	417	1	1.405982	-2.506566	
703	417	1	1.225576	-2.677945	
704	417	2	1.308013	-2.432959	2.263487	-2.558780	
705	417	2	0.865855	-2.227895	1.536289	-2.609273	
706	417	2	0.972351	-2.488748	1.131372	-2.564953	
707	417	1	1.270575	-2.506191	
709	417	1	1.442755	-2.838709	
731	417	1	1.397045	2.937807	
668	418	1	0.836849	2.408773	
699	418	1	1.086622	-2.442931	
700	418	1	1.373350	-2.153207	
701	418	1	1.417789	-2.506189	
702	418	1	1.303283	-2.485898	
704	418	2	1.002703	-2.422776	1.566131	-2.656570	
705	418	2	0.994575	-2.506201	1.609352	-2.403116	
706	418	2	1.531171	-2.601169	0.965184	-2.506189	
707	418	2	1.510082	-2.115580	1.619625	-2.572757	
708	418	1	1.173666	-2.751166	
727	418	1	1.331179	2.919902	
702	419	1	1.253009	-2.572768	
705	419	1	1.280349	-2.677935	
706	419	2	1.101768	-2.414945	1.156454	-2.558771	
707	419	1	1.525333	-2.458611	
708	419	1	0.928717	-2.395533	
709	419	2	1.133857	-2.827956	1.447125	-2.308798	
710	419	1	1.170491	-2.630550	
711	419	1	1.202661	-2.680875	
716	419	1	1.286004	3.134191	
720	419	1	1.192477	3.059714	
723	419	1	1.331179	2.919902	
698	420	1	1.691013	-2.356190	
701	420	1	1.278438	-2.153207	
704	420	1	1.252845	-2.609279	
707	420	1	1.449896	-2.553588	
708	420	2	1.048533	-2.703598	1.696421	-2.640514	
709	420	1	1.412327	-2.729643	
711	420	2	1.360638	-2.864963	1.273148	-2.763523	
712	420	1	1.220075	-2.827948	
713	420	1	1.278778	-2.784488	
714	420	1	1.294997	-2.703588	
702	421	2	1.045978	-2.553588	1.302728	-2.153207	
706	421	1	1.396711	-2.564943	
709	421	1	1.015397	-2.724867	
710	421	3	0.847009	-2.630549	1.449358	-2.582965	1.490777	-2.295107	
714	421	1	1.430664	-3.025341	
715	421	1	1.189979	-3.000128	
716	421	1	1.364772	-2.784497	
717	421	2	1.278449	-3.164986	1.238238	-2.864970	
720	421	1	1.420666	-3.003623	
724	421	1	1.420666	-3.003623	
668	422	1	0.642886	1.728213	
701	422	1	1.297323	-2.500216	
702	422	1	1.360865	-2.227885	
703	422	2	1.482340	-2.718886	1.353962	-2.184440	
704	422	1	1.085410	-2.553582	
708	422	1	1.421655	-2.506205	
710	422	1	0.966926	-2.792246	
711	422	1	1.193353	-2.792247	
712	422	1	1.067456	-2.827942	
713	422	1	1.277938	-2.791055	
716	422	2	1.206878	-3.094205	1.280996	-2.844072	
717	422	1	1.272881	-2.911093	
718	422	2	1.363764	-3.000142	1.320804	-2.804692	
719	422	1	1.314557	3.091256	
720	422	1	1.384493	-2.911080	
721	422	1	1.568343	-3.025342	
722	422	1	1.360693	-3.000142	
723	422	2	1.383805	-1.435955	1.335719	-2.911087	
727	422	1	1.199256	-2.810735	
666	423	1	0.651974	1.815777	
703	423	1	1.273730	-2.184447	
704	423	1	1.371569	-2.125696	
705	423	1	1.232493	-2.576999	
706	423	2	1.213610	-2.435095	1.204340	-2.599212	
711	423	1	0.920609	-2.036557	
712	423	1	1.707260	-2.864963	
713	423	1	1.064449	-2.784497	
714	423	1	0.943172	-2.911095	
715	423	2	2.047278	-2.859188	1.707260	-2.864963	
716	423	1	1.498765	-2.760101	
717	423	1	1.152007	-3.000127	
718	423	1	1.091473	-3.000128	
722	423	1	1.490662	-3.094203	
723	423	1	1.362842	-3.000141	
724	423	1	1.245369	-3.000142	
725	423	1	1.334376	-2.827943	
726	423	1	1.288600	-2.942820	
727	423	1	1.527362	-2.439642	
730	423	1	1.490297	-2.821966	
704	424	1	1.361746	-2.227918	
710	424	1	1.437392	-2.506178	
712	424	1	1.439059	-2.279395	
715	424	1	2.063490	-2.993095	
716	424	1	2.502452	-2.942819	
717	424	2	1.219783	-3.000141	1.491344	-2.616852	
718	424	1	1.469103	-3.094202	
719	424	1	1.054021	-3.094203	
720	424	2	1.373748	-2.898737	1.137131	2.991591	
721	424	2	1.434049	-3.025328	1.378567	-2.797652	
722	424	1	2.344010	-2.458614	
726	424	1	1.351643	-2.911073	
727	424	2	1.192236	-2.703586	1.231244	-2.784497	
728	424	2	1.407956	-2.439631	1.080002	-2.911088	
729	424	2	1.346296	-2.630550	1.181395	-2.827956	
732	424	1	1.132852	-2.733592	
667	425	1	0.762094	1.494019	
703	425	1	1.269526	-2.576999	
704	425	1	1.431522	-2.576996	
708	425	1	1.326334	-2.475301	
711	425	1	1.210173	-2.577501	
712	425	1	0.885977	-2.218235	
713	425	1	1.334039	-2.319215	
717	425	1	1.858786	-2.616863	
719	425	1	1.438113	-2.784487	
723	425	1	1.550723	-2.898744	
724	425	1	1.718923	1.927897	
725	425	1	1.608928	2.611077	
729	425	2	1.270470	-2.572740	0.992711	-2.648078	
730	425	2	1.189236	-2.703587	1.006894	-2.751178	
731	425	2	1.354004	-2.703587	0.904544	-3.094189	
735	425	1	1.127180	-2.733604	
706	426	2	1.201192	-2.843240	1.379712	-2.153207	
710	426	1	0.330509	-2.402316	
713	426	2	1.325462	-2.621503	1.428770	-2.506179	
715	426	1	1.291672	-2.292140	
722	426	1	1.507182	-2.851760	
727	426	3	1.412876	-2.971780	1.204619	-1.327960	1.378567	-2.797652	
731	426	2	1.266188	-2.572768	1.272010	-2.572753	
706	427	1	1.468814	-2.272455	
707	427	1	1.414257	-2.576987	
709	427	1	1.201192	-2.843240	
712	427	1	1.239017	-2.447288	
713	427	1	1.051875	-2.090087	
715	427	1	1.275772	-2.506191	
724	427	1	1.521561	-2.648080	
730	427	1	1.261583	-2.625619	
731	427	1	1.412876	-2.971780	
707	428	1	1.379712	-2.153207	
712	428	1	1.320534	-2.576991	
713	428	2	1.133382	-2.676658	1.298746	-2.898737	
716	428	1	1.060033	-1.802082	
728	428	1	1.476755	-2.804692	
708	429	1	1.580756	-2.184450	
711	429	1	1.227363	-2.742140	
714	429	3	1.083553	-2.524417	1.239017	-2.447288	1.222254	-2.113346	
717	429	1	1.291672	-2.292140	
726	429	1	1.013239	-1.638924	
733	429	1	1.367270	-2.537010	
708	430	1	1.459011	-2.125696	
714	430	1	1.390539	-2.350196	
715	430	3	1.133382	-2.676658	1.320534	-2.576991	1.006209	-2.137145	
716	430	2	1.137644	-2.069892	1.318214	-2.696427	
718	430	1	1.259180	-2.403111	
719	430	1	1.658180	-2.439624	
722	430	1	1.236662	-1.546610	
731	430	1	1.340091	-2.751178	
136	431	1	1.019165	-2.002634	
137	431	1	1.131316	-1.952318	
709	431	1	1.355411	-2.153189	
717	431	1	1.060033	-1.802082	
720	431	1	1.351275	-2.506189	
726	431	1	1.284703	-1.616936	
137	432	1	1.205966	-2.068236	
138	432	1	1.054791	-2.016332	
141	432	2	0.928323	-1.848693	1.126849	-1.607848	
142	432	2	1.045432	-2.268893	1.098855	-1.768219	
715	432	1	1.328709	-2.130879	
717	432	2	1.290344	-2.255244	1.200612	-2.653096	
137	433	1	1.420472	-2.185751	
138	433	3	1.236204	-1.985094	0.990556	-2.268886	1.254543	-2.193552	
139	433	2	1.068527	-1.882014	0.962724	-2.448744	
141	433	3	1.024787	-2.371970	1.157490	-2.126985	1.105096	-1.805238	
142	433	1	1.244592	-2.620938	
716	433	1	1.420414	-2.097475	
720	433	1	1.024322	-1.826486	
721	433	1	1.361840	-2.261219	
722	433	1	1.236662	-1.546610	
135	434	1	2.299523	-1.404008	
136	434	1	1.349742	-1.209039	
137	434	1	1.383292	-2.563628	
138	434	1	1.276316	-2.126991	
139	434	3	1.239530	-2.079407	1.039911	-2.324379	0.784740	-2.646144	
140	434	2	1.436280	-2.060421	0.766880	-2.620941	
141	434	1	1.281018	-1.970388	
142	434	2	1.293259	-2.714997	1.218785	-2.016337	
143	434	1	1.311383	-3.003045	
144	434	1	1.359189	-2.912388	
145	434	1	1.418087	-2.812722	
150	434	1	1.563098	-3.452805	
151	434	1	1.380483	-3.419485	
152	434	1	1.246986	-3.376035	
153	434	1	1.273843	-3.178644	
718	434	1	1.069440	-2.069892	
135	435	2	1.219382	-2.301665	1.246693	-2.251350	
136	435	1	1.914618	-2.126996	
137	435	1	0.963717	-0.753586	
139	435	3	1.170742	-2.079407	0.931742	-2.226660	1.270201	-2.068231	
140	435	4	1.712336	-2.237644	1.225427	-2.060419	1.257023	-2.324389	0.836565	-2.620930	
141	435	3	1.055361	-1.722093	0.902348	-2.620925	1.568013	-2.083534	
142	435	3	1.280318	-2.074408	0.904334	-2.646144	1.666004	-2.002634	
143	435	1	1.419142	-2.027323	
145	435	1	1.716600	-3.109777	
146	435	2	1.418087	-2.812722	1.051838	-3.261161	
147	435	2	1.607718	-3.109777	1.231256	-3.376033	
148	435	2	1.524947	3.079336	1.272573	-3.292897	
149	435	1	1.341675	-3.500402	
150	435	1	1.360498	-3.500386	
717	435	2	1.130011	-1.865523	1.360792	-2.077642	
719	435	1	1.294030	-2.150369	
722	435	1	1.399057	-1.900666	
726	435	1	1.159059	-1.386691	
134	436	3	0.892264	-2.714984	1.107746	-2.590635	1.364230	-2.715000	
135	436	7	1.877127	-2.448740	2.315273	-2.371970	1.347611	-2.485762	0.992475	2.944169	1.406419	-2.413045	1.661318	-2.563628	1.266487	-2.590645	
136	436	6	1.255691	-2.060419	0.923236	3.125814	1.003394	-2.418449	1.604082	-2.448740	1.498939	-2.413045	1.055766	-2.193557	
137	436	1	0.896013	3.110193	
138	436	1	0.860153	-3.092250	
139	436	1	1.120163	-2.448740	
140	436	4	1.318116	-2.126985	1.117472	-2.405290	0.741243	-2.448739	0.940548	-2.324389	
141	436	4	1.782807	-2.074408	1.039911	-2.324379	0.880249	-2.193559	1.087377	-1.805239	
142	436	2	0.871842	-2.620926	1.593101	-2.126988	
143	436	3	1.409169	-2.027319	1.110660	-1.952318	0.910940	-2.732538	
144	436	1	0.997800	-3.012053	
145	436	1	1.120941	-3.012054	
146	436	1	1.239003	-3.003059	
147	436	1	1.085693	-3.292897	
718	436	2	1.371693	-1.818614	1.671848	-1.794589	
719	436	2	1.079113	-1.933482	1.106983	-2.123851	
721	436	2	1.252176	-1.432827	1.024322	-1.826486	
723	436	1	0.996768	-2.292140	
134	437	1	0.966966	-3.012053	
135	437	1	1.020387	-2.859806	
136	437	3	1.411891	-2.413041	1.417555	-2.268893	1.022848	-2.405291	
137	437	6	1.518009	-2.448740	1.247344	-2.448744	0.997258	-2.251341	1.743282	-2.251350	1.568585	-2.268893	1.149201	-2.384309	
139	437	2	1.217503	-2.251341	1.244296	-2.413041	
140	437	2	1.131286	-2.324374	1.416816	-2.251342	
141	437	3	1.332338	-2.193566	1.257023	-2.324389	0.940548	-2.324389	
142	437	4	1.554254	-2.126996	1.117472	-2.405290	1.002058	-1.929596	1.134253	-1.882014	
143	437	3	1.288103	-2.126990	1.397637	-1.985094	1.421734	-2.074409	
719	437	2	1.092884	-2.255257	1.001759	-1.944245	
720	437	1	1.047305	-2.528737	
137	438	5	1.405542	-2.193557	1.300077	-2.185751	1.255691	-2.060419	1.350688	-2.324384	1.295137	-2.620926	
138	438	6	1.483097	-2.283598	1.461627	-2.237650	1.365011	-2.563627	1.198129	-2.345656	1.624191	-2.405290	1.213724	-2.399999	
139	438	2	1.657259	-2.185744	1.440379	-2.301656	
140	438	1	1.752976	-2.179571	
141	438	3	1.181713	-2.324389	1.320383	-2.193566	1.335392	-2.193566	
142	438	4	1.519308	-2.251345	1.076874	-1.985094	0.972113	-2.268892	1.243735	-1.722100	
143	438	3	1.325311	-2.301665	1.203902	-2.068237	1.577434	-1.985087	
144	438	2	1.431840	-2.079412	1.183972	-2.060419	
719	438	1	1.360792	-2.077642	
720	438	3	0.847137	-2.379589	1.351666	-1.915932	1.079113	-1.933482	
726	438	1	1.057331	-1.493087	
138	439	6	1.430588	-2.324389	1.427566	-2.193559	0.997258	-2.251341	1.542856	-2.448740	1.570902	-2.268893	1.220893	-2.393240	
139	439	6	1.815187	-2.237656	1.464376	-2.531879	1.446492	-2.371970	1.583326	-2.553613	1.520793	-2.371974	1.191247	-2.324389	
140	439	2	1.804346	-2.126999	1.508688	-2.060419	
141	439	1	1.330235	-2.301656	
142	439	5	1.547889	-2.268893	1.515130	-2.185744	1.057481	-2.198299	1.180407	-1.882014	1.405557	-2.193565	
143	439	4	1.671727	-2.126985	1.453592	-2.237644	1.285190	-2.126992	1.158502	-2.060427	
144	439	3	1.504624	-2.126988	1.397637	-1.985094	1.487139	-2.079412	
145	439	1	1.717419	-2.068231	
720	439	1	1.001759	-1.944245	
721	439	2	1.286785	-2.064599	0.765046	-1.601427	
139	440	4	1.442512	-2.301656	0.986684	-2.251350	1.482590	-2.268893	1.419398	-2.283598	
140	440	6	1.408790	-2.301656	1.530560	-2.193551	1.440379	-2.301656	1.739815	-2.590635	1.496912	-2.448740	1.342598	-2.268884	
141	440	2	1.657259	-2.185744	1.226963	-2.126989	
142	440	3	1.207164	-2.448740	1.358806	-2.371970	1.271999	-2.126991	
143	440	6	1.547889	-2.268893	1.419657	-2.126985	1.457362	-2.193560	1.154809	-2.074409	1.217593	-2.002634	1.158371	-2.193560	
144	440	5	1.739861	-2.237648	1.550842	-2.193551	1.292657	-2.324379	1.593008	-2.002640	1.523744	-2.193566	
145	440	2	1.387048	-1.985087	1.571103	-2.002634	
721	440	1	1.330347	-1.520641	
722	440	1	1.060209	-1.743352	
726	440	1	1.057331	-1.493087	
140	441	3	1.333466	-2.251350	1.465235	-2.060426	1.492982	-2.185744	
141	441	6	1.578139	-2.268893	1.344230	-2.193560	1.804346	-2.126999	1.534320	-2.324389	1.461666	-2.268893	1.327079	-2.371970	
142	441	1	1.097000	-2.251350	
143	441	6	1.360053	-2.301670	1.501985	-2.371970	1.252078	-2.268894	1.046392	-2.016337	1.207259	-2.068236	1.272558	-2.060427	
144	441	4	1.673168	-2.237644	1.435569	-2.179577	1.533394	-2.301656	1.319806	-2.060420	
145	441	3	1.391029	-2.074408	1.396178	-2.027323	1.538996	-2.126989	
146	441	1	1.343183	-1.805244	
721	441	2	1.084056	-1.862916	0.718865	-2.009604	
140	442	1	1.489857	-2.413036	
141	442	5	1.649636	-2.193566	1.625460	-2.185751	1.952766	-2.613889	1.593652	-2.193566	1.654121	-2.448740	
142	442	7	1.675352	-2.193560	1.769925	-2.126991	1.434981	-2.126993	1.444399	-2.237651	1.122635	-2.371970	1.650670	-2.268884	1.414726	-2.268893	
143	442	2	1.485516	-2.179578	1.239121	-2.268893	
144	442	6	1.284192	-2.237648	1.572369	-2.301670	1.437842	-2.185751	1.157174	-2.126990	1.444199	-2.060420	1.427261	-2.060419	
145	442	4	1.506215	-2.193560	1.406162	-2.060427	1.550545	-2.268894	1.244716	-2.002634	
146	442	4	1.469247	-1.708771	1.408266	-2.193557	1.419802	-1.985094	1.533249	-2.174575	
171	442	1	1.442982	-2.812722	
172	442	1	1.678258	-2.268893	
720	442	2	0.905050	-1.626440	1.515534	-1.421583	
721	442	1	1.185577	-1.667242	
141	443	2	1.541154	-2.251342	1.498902	-2.268893	
142	443	6	1.525742	-2.268877	1.644866	-2.060427	1.332960	-2.060419	1.478420	-2.405291	1.464521	-2.193566	1.255354	-2.448739	
143	443	4	1.338237	-2.126991	1.382632	-2.413045	1.508056	-2.185747	1.202189	-2.185739	
144	443	5	1.564058	-2.448740	1.237921	-2.301665	1.121424	-2.074408	1.441013	-2.268893	1.644785	-2.126993	
145	443	5	1.488873	-2.251341	1.512275	-2.301656	1.252078	-2.268894	1.469448	-2.324389	1.269919	-2.060419	
146	443	5	1.613756	-2.185751	1.349668	-2.179572	1.484579	-2.324389	1.270056	-2.068231	1.525631	-2.268884	
147	443	1	1.322620	-1.663344	
172	443	1	1.675073	-2.667405	
173	443	1	2.009318	-2.324388	
720	443	1	1.371693	-1.818614	
722	443	1	0.718865	-2.009604	
724	443	1	1.184767	-1.006203	
142	444	1	1.671885	-2.324389	
143	444	4	1.620565	-2.193560	1.458301	-2.301665	1.515389	-2.068237	1.383073	-2.413045	
144	444	3	1.261685	-2.301665	1.760714	-2.268893	1.399078	-2.268894	
145	444	7	1.275673	-2.126996	1.461406	-2.371970	1.437842	-2.185751	1.427843	-2.590645	1.068652	-2.237656	1.318099	-2.193560	1.332507	-2.060426	
146	444	6	1.142570	-2.251342	1.529767	-2.301665	1.452770	-2.179572	1.366515	-2.324389	1.092556	-2.620929	1.320844	-2.193557	
147	444	6	1.475772	-1.684614	1.510863	-2.251341	1.452707	-2.074408	1.320258	-2.324379	1.320778	-2.074408	1.489681	-2.126989	
173	444	1	1.678258	-2.268893	
174	444	1	1.900364	-2.714984	
720	444	1	1.172090	-1.580495	
721	444	2	1.262934	-1.659039	1.158128	-1.791590	
722	444	2	1.387948	-1.570479	0.996744	-2.348893	
143	445	2	1.618801	-2.251341	1.525924	-2.193560	
144	445	5	1.447038	-2.324388	1.756956	-2.126991	1.424740	-2.185744	1.503398	-2.324383	1.238277	-2.268877	
145	445	4	1.869883	-2.485762	1.344028	-2.002634	1.591801	-2.193560	1.138169	-2.268893	
146	445	6	1.076067	-2.193560	1.256582	-2.251344	1.389477	-2.448739	1.004745	-2.185744	1.249218	-2.126993	1.403651	-2.068232	
147	445	9	1.236805	-2.268877	1.569283	-1.805239	1.375385	-2.324383	1.575479	-2.345655	1.394470	-2.371965	1.583966	-2.126991	1.297084	-2.193566	1.292526	-2.517597	1.519341	-2.126998	
148	445	2	1.190165	-2.324389	1.393741	-2.016332	
175	445	1	2.009318	-2.324388	
176	445	1	2.104763	-2.563627	
720	445	1	1.402179	-1.710689	
721	445	1	1.183860	-1.469855	
143	446	1	1.769945	-2.251349	
144	446	4	1.418671	-2.283598	1.870158	-2.126991	1.266856	-2.060426	1.781422	-2.126985	
145	446	3	1.651454	-2.324389	1.775133	-2.193565	1.330097	-2.193552	
146	446	4	1.382927	-2.507498	1.604317	-2.179576	1.740367	-2.126985	1.298555	-2.193565	
147	446	5	1.173734	-2.301657	1.872669	-1.768219	1.354535	-2.531879	0.966602	-2.126985	1.248209	-2.126985	
148	446	7	1.444488	-2.371975	1.388639	-2.324390	1.551788	-2.237648	1.575368	-2.185744	1.276069	-2.324389	1.453123	-2.324388	1.202759	-2.050217	
149	446	1	1.141655	-2.251345	
176	446	1	2.415798	-2.448740	
177	446	1	2.307427	-2.517597	
144	447	1	1.797219	-2.268893	
145	447	4	1.656372	-2.268877	1.511758	-2.185740	1.421167	-2.060419	1.896284	-2.126985	
146	447	4	1.534883	-2.324389	1.569541	-2.268893	1.592966	-2.268893	1.224934	-2.126996	
147	447	7	1.394887	-1.869670	1.065018	-2.251350	1.092190	-2.179576	1.519151	-2.126985	1.315048	-2.060427	1.476343	-2.060426	1.277578	-2.126998	
148	447	5	1.240808	-2.345664	1.514432	-2.237649	1.447753	-2.060427	1.170000	-2.371970	1.591420	-2.179572	
149	447	6	1.449113	-2.324389	1.575479	-2.345655	1.050250	-2.371969	1.110671	-2.448740	1.536303	-2.174574	1.227827	-2.079407	
150	447	1	1.124293	-2.324385	
720	447	1	1.381821	-1.572915	
721	447	2	1.418416	-1.572915	1.647590	-1.378137	
722	447	2	1.123134	-1.538700	1.031432	-1.682193	
145	448	3	1.508587	-2.193551	1.415476	-2.079412	1.340856	-2.324389	
146	448	4	1.551666	-2.324389	1.287367	-2.193566	1.527436	-2.193557	1.343075	-2.324383	
147	448	5	1.466397	-2.324388	1.872669	-1.768219	1.132886	-2.283598	1.512428	-2.126998	1.262411	-2.126999	
148	448	4	1.199732	-2.126989	0.726090	-2.193560	1.059634	-2.179571	1.340910	-2.185744	
149	448	4	1.097455	-2.126985	1.431941	-1.929591	1.611391	-2.237644	1.198606	-2.126993	
150	448	5	1.388639	-2.324390	1.551788	-2.237648	1.195580	-2.413045	1.232407	-2.418449	1.438166	-2.126991	
151	448	1	1.157179	-2.371969	
721	448	1	1.269648	-1.901153	
146	449	3	1.284328	-2.268878	1.588629	-2.179572	1.266442	-2.193560	
147	449	4	1.476704	-2.405291	1.309618	-2.185751	1.405957	-2.193551	1.644419	-2.060419	
148	449	6	1.208394	-2.413044	1.569489	-1.805239	1.014125	-2.126992	1.377119	-2.268893	1.547985	-2.060419	1.225469	-2.193551	
149	449	5	1.095057	-2.185744	1.459701	-2.301665	1.406445	-2.060420	0.913207	-2.126985	1.316871	-2.251350	
150	449	2	1.176352	-2.237643	1.347398	-2.251342	
151	449	4	1.449113	-2.324389	1.030092	-2.324388	1.182967	-2.301665	1.574922	-2.301665	
146	450	1	1.482026	-2.251349	
147	450	3	1.318299	-2.193556	1.329600	-2.126990	1.299103	-2.371970	
148	450	6	1.466397	-2.324388	1.210090	-2.193565	1.394887	-1.869670	0.809846	-1.538988	1.416122	-2.126998	1.329960	-2.068232	
149	450	4	1.333935	-2.448740	0.858076	-2.060427	1.340910	-2.185744	1.262411	-2.126999	
150	450	5	0.958773	-2.193566	1.200096	-2.193560	1.594779	-2.185751	1.520049	-2.126991	1.227827	-2.079407	
151	450	5	1.106092	-2.185744	1.589487	-2.185744	1.513000	-2.301665	1.344950	-2.405292	1.198606	-2.126993	
152	450	3	1.105029	-2.237650	1.121861	-2.371970	1.479175	-2.448740	
721	450	2	1.102258	-1.608481	1.235792	-1.448574	
147	451	2	1.420783	-2.126991	1.251456	-2.268893	
148	451	4	1.195507	-2.193560	1.497386	-2.126999	1.644419	-2.060419	1.400070	-2.193565	
149	451	5	1.383202	-2.237650	1.376085	-2.074409	1.377119	-2.268893	1.525627	-2.193560	1.204720	-2.185740	
150	451	5	1.322291	-2.448740	1.307008	-1.908322	0.799635	-2.237651	1.350388	-2.126985	1.284817	-2.251350	
151	451	5	1.009664	-2.126989	1.137252	-2.268886	0.694430	-2.251341	1.275274	-2.324389	1.191962	-2.126990	
152	451	2	1.121943	-2.179577	1.310921	-2.283594	
153	451	2	1.164925	-2.301656	1.033092	-2.324383	
720	451	1	1.358609	-1.498406	
721	451	1	0.659178	-1.164267	
148	452	3	1.182652	-2.193566	1.528858	-2.251344	1.202843	-2.185744	
149	452	4	1.431945	-2.251336	1.475162	-2.324383	1.291805	-2.324389	1.140979	-2.126998	
150	452	1	1.247992	-2.060419	
151	452	3	0.933522	-2.193552	1.339349	-1.985094	1.342887	-2.301656	
152	452	3	0.888877	-2.237644	1.077681	-2.226662	1.199826	-2.405290	
153	452	3	0.837651	-2.324389	0.984054	-2.251350	1.294871	-2.324379	
154	452	1	0.936698	-2.126985	
720	452	1	0.943379	-1.442821	
149	453	1	1.350419	-2.237651	
150	453	1	1.143012	-2.251341	
151	453	2	1.397652	-2.251342	0.616208	-2.126988	
152	453	4	0.908213	-2.126990	0.775959	-2.074408	1.337979	-2.126990	1.804739	-2.179576	
153	453	2	0.727725	-2.193560	1.548152	-2.193560	
154	453	1	0.871315	-2.268893	
720	453	1	0.971126	-1.469849	
721	453	1	1.424842	-1.534262	
150	454	1	1.055131	-2.193566	
151	454	1	0.899294	-2.531879	
152	454	2	0.917307	-2.060426	0.838780	-2.126992	
150	455	1	0.808513	-2.251342	