1802
700	395	1	0.000000	0.000000	
700	396	1	0.000000	0.000000	
700	397	1	0.000000	0.000000	
509	398	1	0.000000	0.000000	
510	398	1	0.000000	0.000000	
511	398	1	0.000000	0.000000	
512	398	1	0.000000	0.000000	
513	398	1	0.000000	0.000000	
514	398	1	0.000000	0.000000	
515	398	1	0.000000	0.000000	
516	398	1	0.000000	0.000000	
517	398	1	0.000000	0.000000	
518	398	1	0.000000	0.000000	
519	398	1	0.000000	0.000000	
520	398	1	0.000000	0.000000	
521	398	1	0.000000	0.000000	
522	398	1	0.000000	0.000000	
523	398	1	0.000000	0.000000	
524	398	1	0.000000	0.000000	
525	398	1	0.000000	0.000000	
526	398	1	0.000000	0.000000	
527	398	1	0.000000	0.000000	
528	398	1	0.000000	0.000000	
529	398	1	0.000000	0.000000	
530	398	1	0.000000	0.000000	
531	398	1	0.000000	0.000000	
532	398	1	0.000000	0.000000	
533	398	1	0.000000	0.000000	
534	398	1	0.000000	0.000000	
535	398	1	0.000000	0.000000	
597	398	1	0.000000	0.000000	
598	398	1	0.000000	0.000000	
599	398	1	0.000000	0.000000	
600	398	1	0.000000	0.000000	
601	398	1	0.000000	0.000000	
602	398	1	0.000000	0.000000	
603	398	1	0.000000	0.000000	
604	398	1	0.000000	0.000000	
605	398	1	0.000000	0.000000	
606	398	1	0.000000	0.000000	
607	398	1	0.000000	0.000000	
608	398	1	0.000000	0.000000	
609	398	2	0.000000	0.000000	0.000000	0.000000	
610	398	2	0.000000	0.000000	0.000000	0.000000	
611	398	2	0.000000	0.000000	0.000000	0.000000	
612	398	1	0.000000	0.000000	
613	398	1	0.000000	0.000000	
614	398	1	0.000000	0.000000	
615	398	1	0.000000	0.000000	
628	398	1	0.000000	0.000000	
629	398	1	0.000000	0.000000	
630	398	1	0.000000	0.000000	
631	398	1	0.000000	0.000000	
632	398	1	0.000000	0.000000	
633	398	1	0.000000	0.000000	
634	398	1	0.000000	0.000000	
635	398	1	0.000000	0.000000	
636	398	1	0.000000	0.000000	
701	398	1	0.000000	0.000000	
702	398	1	1.572338	-3.141579	
703	398	1	0.000000	0.000000	
704	398	1	0.000000	0.000000	
705	398	1	0.000000	0.000000	
706	398	1	0.000000	0.000000	
707	398	1	0.000000	0.000000	
708	398	1	0.000000	0.000000	
709	398	1	0.000000	0.000000	
710	398	1	0.000000	0.000000	
711	398	1	1.310307	3.141593	
712	398	1	1.302450	-3.041925	
722	398	1	0.781674	2.076504	
509	399	1	0.000000	0.000000	
535	399	1	0.000000	0.000000	
536	399	1	0.000000	0.000000	
537	399	1	0.000000	0.000000	
538	399	1	0.000000	0.000000	
539	399	1	0.000000	0.000000	
540	399	1	0.000000	0.000000	
541	399	1	0.000000	0.000000	
542	399	1	0.000000	0.000000	
543	399	1	0.000000	0.000000	
544	399	1	0.000000	0.000000	
545	399	1	0.000000	0.000000	
546	399	1	0.000000	0.000000	
547	399	1	0.000000	0.000000	
593	399	1	0.000000	0.000000	
594	399	1	0.000000	0.000000	
595	399	1	0.000000	0.000000	
596	399	1	0.000000	0.000000	
597	399	1	0.000000	0.000000	
609	399	1	0.000000	0.000000	
612	399	1	0.000000	0.000000	
613	399	1	0.000000	0.000000	
614	399	1	0.000000	0.000000	
616	399	1	0.000000	0.000000	
617	399	1	0.000000	0.000000	
618	399	2	0.000000	0.000000	0.000000	0.000000	
619	399	2	0.000000	0.000000	0.000000	0.000000	
620	399	2	0.000000	0.000000	0.000000	0.000000	
621	399	1	0.000000	0.000000	
622	399	1	0.000000	0.000000	
623	399	1	0.000000	0.000000	
624	399	1	0.000000	0.000000	
625	399	1	0.000000	0.000000	
626	399	1	0.000000	0.000000	
627	399	1	0.000000	0.000000	
637	399	1	0.000000	0.000000	
638	399	1	0.000000	0.000000	
639	399	1	0.000000	0.000000	
640	399	1	0.000000	0.000000	
641	399	1	0.000000	0.000000	
642	399	1	0.000000	0.000000	
643	399	1	0.000000	0.000000	
644	399	1	0.000000	0.000000	
700	399	1	0.000000	0.000000	
701	399	2	0.000000	0.000000	0.000000	0.000000	
722	399	1	0.000000	0.000000	
547	400	1	0.000000	0.000000	
548	400	1	0.000000	0.000000	
549	400	1	0.000000	0.000000	
550	400	1	0.000000	0.000000	
551	400	1	0.000000	0.000000	
563	400	1	0.000000	0.000000	
564	400	1	0.000000	0.000000	
588	400	1	0.000000	0.000000	
589	400	1	0.000000	0.000000	
590	400	1	0.000000	0.000000	
591	400	1	0.000000	0.000000	
592	400	1	0.000000	0.000000	
615	400	1	0.000000	0.000000	
616	400	1	0.000000	0.000000	
617	400	1	0.000000	0.000000	
621	400	1	0.000000	0.000000	
622	400	1	0.000000	0.000000	
623	400	1	0.000000	0.000000	
624	400	1	0.000000	0.000000	
625	400	1	0.000000	0.000000	
626	400	1	0.000000	0.000000	
645	400	1	0.000000	0.000000	
646	400	1	0.000000	0.000000	
647	400	1	0.000000	0.000000	
648	400	1	0.000000	0.000000	
649	400	1	0.000000	0.000000	
650	400	1	0.000000	0.000000	
651	400	1	0.000000	0.000000	
652	400	1	0.000000	0.000000	
653	400	1	0.000000	0.000000	
654	400	1	0.000000	0.000000	
655	400	1	1.012063	-3.122393	
693	400	1	0.000000	0.000000	
698	400	1	1.370931	2.699226	
699	400	1	1.355548	2.704975	
700	400	1	0.000000	0.000000	
702	400	1	0.000000	0.000000	
703	400	1	0.817158	-2.616863	
704	400	1	0.000000	0.000000	
717	400	1	0.821976	2.908440	
719	400	1	0.000000	0.000000	
720	400	1	0.000000	0.000000	
721	400	1	0.000000	0.000000	
726	400	1	0.000000	0.000000	
728	400	1	0.000000	0.000000	
552	401	1	0.000000	0.000000	
553	401	1	0.000000	0.000000	
554	401	1	0.000000	0.000000	
555	401	1	0.000000	0.000000	
556	401	1	0.000000	0.000000	
557	401	1	0.000000	0.000000	
565	401	1	0.000000	0.000000	
566	401	1	0.000000	0.000000	
567	401	1	0.000000	0.000000	
568	401	1	0.000000	0.000000	
569	401	1	0.000000	0.000000	
570	401	1	0.000000	0.000000	
571	401	1	0.000000	0.000000	
583	401	1	0.000000	0.000000	
584	401	1	0.000000	0.000000	
585	401	1	0.000000	0.000000	
586	401	1	0.000000	0.000000	
587	401	1	0.000000	0.000000	
627	401	1	0.000000	0.000000	
628	401	1	0.000000	0.000000	
629	401	1	0.000000	0.000000	
630	401	1	0.000000	0.000000	
688	401	1	0.000000	0.000000	
691	401	1	0.000000	0.000000	
692	401	2	0.000000	0.000000	0.000000	0.000000	
694	401	1	0.000000	0.000000	
695	401	1	0.000000	0.000000	
696	401	2	1.462449	2.601169	0.000000	0.000000	
697	401	2	1.439518	2.634491	0.000000	0.000000	
698	401	1	0.000000	0.000000	
699	401	1	0.000000	0.000000	
700	401	1	0.000000	0.000000	
705	401	1	0.000000	0.000000	
711	401	1	0.000000	0.000000	
712	401	1	0.000000	0.000000	
713	401	1	0.000000	0.000000	
714	401	1	0.000000	0.000000	
715	401	1	0.000000	0.000000	
717	401	1	0.000000	0.000000	
718	401	1	0.000000	0.000000	
721	401	1	0.000000	0.000000	
722	401	1	0.000000	0.000000	
723	401	1	0.000000	0.000000	
724	401	1	0.000000	0.000000	
725	401	1	0.000000	0.000000	
727	401	1	0.000000	0.000000	
557	402	1	0.000000	0.000000	
558	402	1	0.000000	0.000000	
559	402	1	0.000000	0.000000	
560	402	1	0.000000	0.000000	
572	402	1	0.000000	0.000000	
573	402	1	0.000000	0.000000	
574	402	1	0.000000	0.000000	
575	402	1	0.000000	0.000000	
576	402	1	0.000000	0.000000	
577	402	1	0.000000	0.000000	
578	402	1	0.000000	0.000000	
579	402	1	0.000000	0.000000	
580	402	1	0.000000	0.000000	
581	402	1	0.000000	0.000000	
582	402	1	0.000000	0.000000	
583	402	1	0.000000	0.000000	
631	402	1	0.000000	0.000000	
632	402	1	0.000000	0.000000	
633	402	1	0.000000	0.000000	
667	402	1	0.000000	0.000000	
668	402	1	0.000000	0.000000	
669	402	1	0.000000	0.000000	
670	402	1	0.000000	0.000000	
671	402	1	0.000000	0.000000	
672	402	1	0.000000	0.000000	
673	402	1	0.000000	0.000000	
674	402	1	0.000000	0.000000	
675	402	1	0.000000	0.000000	
676	402	1	0.000000	0.000000	
677	402	1	0.000000	0.000000	
678	402	1	0.000000	0.000000	
679	402	1	0.000000	0.000000	
680	402	1	0.000000	0.000000	
683	402	1	0.000000	0.000000	
684	402	1	1.270468	2.303625	
688	402	2	0.000000	0.000000	1.083877	2.816921	
689	402	1	0.000000	0.000000	
690	402	2	0.000000	0.000000	0.000000	0.000000	
691	402	2	0.000000	0.000000	0.000000	0.000000	
692	402	2	0.000000	0.000000	0.000000	0.000000	
693	402	1	0.000000	0.000000	
694	402	2	0.000000	0.000000	0.000000	0.000000	
695	402	2	0.000000	0.000000	0.000000	0.000000	
696	402	2	1.347876	2.677945	0.000000	0.000000	
697	402	1	0.000000	0.000000	
698	402	1	0.000000	0.000000	
699	402	1	0.000000	0.000000	
701	402	1	0.000000	0.000000	
703	402	1	0.000000	0.000000	
705	402	1	0.000000	0.000000	
706	402	2	0.000000	0.000000	0.000000	0.000000	
707	402	2	0.000000	0.000000	0.000000	0.000000	
708	402	2	0.000000	0.000000	0.000000	0.000000	
709	402	1	0.000000	0.000000	
714	402	1	0.000000	0.000000	
715	402	2	0.000000	0.000000	0.000000	0.000000	
716	402	2	0.000000	0.000000	0.000000	0.000000	
717	402	1	0.000000	0.000000	
718	402	2	0.000000	0.000000	0.000000	0.000000	
719	402	2	1.087804	2.859041	0.000000	0.000000	
720	402	2	1.054175	2.842704	0.000000	0.000000	
721	402	1	0.000000	0.000000	
727	402	1	0.000000	0.000000	
537	403	1	0.000000	0.000000	
543	403	1	0.000000	0.000000	
544	403	1	0.000000	0.000000	
545	403	1	0.000000	0.000000	
548	403	1	0.000000	0.000000	
549	403	1	0.000000	0.000000	
550	403	1	0.000000	0.000000	
551	403	1	0.000000	0.000000	
552	403	1	0.000000	0.000000	
553	403	1	0.000000	0.000000	
554	403	1	0.000000	0.000000	
555	403	1	0.000000	0.000000	
556	403	1	0.000000	0.000000	
557	403	1	0.000000	0.000000	
558	403	1	0.000000	0.000000	
559	403	1	0.000000	0.000000	
560	403	1	0.000000	0.000000	
561	403	2	0.000000	0.000000	0.000000	0.000000	
562	403	2	0.000000	0.000000	0.000000	0.000000	
563	403	2	0.000000	0.000000	0.000000	0.000000	
564	403	2	0.000000	0.000000	0.000000	0.000000	
565	403	1	0.000000	0.000000	
566	403	1	0.000000	0.000000	
576	403	1	0.000000	0.000000	
577	403	1	1.452722	-2.969999	
579	403	1	0.000000	0.000000	
580	403	1	0.000000	0.000000	
581	403	1	0.000000	0.000000	
582	403	1	0.000000	0.000000	
583	403	1	0.000000	0.000000	
584	403	1	0.000000	0.000000	
588	403	1	0.000000	0.000000	
589	403	1	0.000000	0.000000	
590	403	1	0.000000	0.000000	
591	403	1	0.000000	0.000000	
592	403	1	0.000000	0.000000	
598	403	1	0.000000	0.000000	
599	403	1	0.000000	0.000000	
600	403	1	1.300975	-3.075621	
601	403	1	0.000000	0.000000	
602	403	1	0.000000	0.000000	
603	403	1	0.000000	0.000000	
604	403	1	0.000000	0.000000	
606	403	1	0.000000	0.000000	
612	403	1	1.199196	-3.052733	
617	403	1	0.000000	0.000000	
619	403	1	0.000000	0.000000	
620	403	1	0.000000	0.000000	
621	403	1	0.000000	0.000000	
622	403	1	0.000000	0.000000	
623	403	2	1.459915	-3.061728	0.000000	0.000000	
624	403	1	0.000000	0.000000	
625	403	2	1.503913	-3.061728	0.000000	0.000000	
626	403	2	1.383170	3.130800	0.000000	0.000000	
627	403	1	0.000000	0.000000	
628	403	2	1.253047	-3.069251	0.000000	0.000000	
629	403	2	1.290418	-2.972535	0.000000	0.000000	
630	403	2	1.336221	-2.771880	0.000000	0.000000	
631	403	1	0.000000	0.000000	
632	403	1	0.000000	0.000000	
633	403	1	0.000000	0.000000	
634	403	2	1.331312	-2.829045	0.000000	0.000000	
635	403	1	0.000000	0.000000	
636	403	1	0.000000	0.000000	
637	403	1	0.000000	0.000000	
638	403	1	0.000000	0.000000	
639	403	1	0.000000	0.000000	
640	403	1	0.000000	0.000000	
641	403	1	0.000000	0.000000	
642	403	1	0.000000	0.000000	
643	403	1	0.000000	0.000000	
644	403	1	0.000000	0.000000	
645	403	1	0.000000	0.000000	
646	403	1	0.000000	0.000000	
647	403	1	0.000000	0.000000	
648	403	1	0.000000	0.000000	
649	403	1	0.000000	0.000000	
650	403	1	0.000000	0.000000	
651	403	1	0.000000	0.000000	
652	403	1	0.000000	0.000000	
653	403	1	0.000000	0.000000	
654	403	1	0.000000	0.000000	
655	403	1	0.000000	0.000000	
656	403	1	0.000000	0.000000	
657	403	1	0.000000	0.000000	
658	403	1	0.000000	0.000000	
659	403	1	0.000000	0.000000	
660	403	1	0.000000	0.000000	
661	403	1	0.000000	0.000000	
662	403	1	0.000000	0.000000	
663	403	1	0.000000	0.000000	
664	403	1	0.000000	0.000000	
665	403	1	0.000000	0.000000	
666	403	1	0.000000	0.000000	
680	403	1	0.000000	0.000000	
681	403	2	0.000000	0.000000	0.000000	0.000000	
682	403	3	0.000000	0.000000	0.000000	0.000000	0.000000	0.000000	
683	403	3	0.000000	0.000000	0.000000	0.000000	0.000000	0.000000	
684	403	2	0.000000	0.000000	0.000000	0.000000	
685	403	2	1.297432	2.976448	0.000000	0.000000	
686	403	1	0.000000	0.000000	
689	403	2	0.000000	0.000000	0.000000	0.000000	
690	403	3	0.000000	0.000000	0.000000	0.000000	0.000000	0.000000	
691	403	2	0.000000	0.000000	0.000000	0.000000	
692	403	3	0.000000	0.000000	1.722775	3.041925	0.000000	0.000000	
693	403	2	0.000000	0.000000	0.000000	0.000000	
694	403	2	0.000000	0.000000	0.000000	0.000000	
695	403	1	0.000000	0.000000	
696	403	1	0.000000	0.000000	
697	403	1	0.000000	0.000000	
698	403	1	0.000000	0.000000	
699	403	2	0.000000	0.000000	0.000000	0.000000	
700	403	1	0.661553	-2.784487	
701	403	1	0.000000	0.000000	
702	403	1	0.000000	0.000000	
704	403	1	0.000000	0.000000	
708	403	1	0.000000	0.000000	
709	403	2	0.000000	0.000000	0.000000	0.000000	
710	403	2	0.000000	0.000000	0.000000	0.000000	
711	403	1	0.000000	0.000000	
712	403	3	0.000000	0.000000	0.900487	-2.993088	0.000000	0.000000	
713	403	2	0.000000	0.000000	0.000000	0.000000	
716	403	1	0.000000	0.000000	
717	403	1	0.000000	0.000000	
727	403	1	0.000000	0.000000	
728	403	1	0.000000	0.000000	
462	404	1	0.000000	0.000000	
463	404	1	0.000000	0.000000	
464	404	1	0.000000	0.000000	
486	404	1	0.000000	0.000000	
487	404	1	0.000000	0.000000	
488	404	1	0.000000	0.000000	
489	404	1	0.000000	0.000000	
490	404	1	0.000000	0.000000	
505	404	1	0.000000	0.000000	
506	404	1	0.000000	0.000000	
507	404	1	0.000000	0.000000	
508	404	1	0.000000	0.000000	
509	404	1	0.000000	0.000000	
510	404	1	0.000000	0.000000	
511	404	1	0.000000	0.000000	
512	404	1	0.000000	0.000000	
513	404	1	0.000000	0.000000	
514	404	1	0.000000	0.000000	
515	404	1	0.000000	0.000000	
516	404	1	0.000000	0.000000	
517	404	1	0.000000	0.000000	
519	404	1	0.000000	0.000000	
520	404	1	0.000000	0.000000	
521	404	1	0.000000	0.000000	
522	404	1	1.417997	3.049228	
523	404	1	0.000000	0.000000	
524	404	1	0.000000	0.000000	
525	404	1	0.000000	0.000000	
526	404	1	0.000000	0.000000	
527	404	1	0.000000	0.000000	
528	404	2	0.000000	0.000000	0.000000	0.000000	
529	404	2	0.000000	0.000000	0.000000	0.000000	
530	404	2	0.000000	0.000000	0.000000	0.000000	
531	404	2	0.000000	0.000000	0.000000	0.000000	
532	404	1	0.000000	0.000000	
533	404	1	0.000000	0.000000	
534	404	1	0.000000	0.000000	
535	404	1	0.000000	0.000000	
536	404	1	0.000000	0.000000	
537	404	1	0.000000	0.000000	
538	404	1	0.000000	0.000000	
539	404	1	0.000000	0.000000	
540	404	1	0.000000	0.000000	
541	404	1	0.000000	0.000000	
542	404	1	0.000000	0.000000	
543	404	1	0.000000	0.000000	
545	404	1	0.000000	0.000000	
546	404	1	0.000000	0.000000	
547	404	1	0.000000	0.000000	
564	404	1	0.000000	0.000000	
565	404	1	0.000000	0.000000	
566	404	3	1.211907	3.044490	0.000000	0.000000	0.000000	0.000000	
567	404	3	0.000000	0.000000	0.000000	0.000000	0.000000	0.000000	
568	404	2	0.000000	0.000000	0.000000	0.000000	
569	404	2	0.000000	0.000000	0.000000	0.000000	
570	404	2	0.000000	0.000000	0.000000	0.000000	
571	404	2	0.000000	0.000000	0.000000	0.000000	
572	404	2	0.000000	0.000000	0.000000	0.000000	
573	404	2	0.000000	0.000000	0.000000	0.000000	
574	404	2	0.000000	0.000000	0.000000	0.000000	
575	404	2	0.000000	0.000000	0.000000	0.000000	
576	404	1	0.000000	0.000000	
577	404	1	0.000000	0.000000	
578	404	2	1.336561	-3.084247	0.000000	0.000000	
579	404	2	1.690142	-3.067721	0.000000	0.000000	
580	404	2	1.468487	-3.090615	0.000000	0.000000	
581	404	2	1.341350	-3.014743	0.000000	0.000000	
582	404	2	1.509016	3.115789	0.000000	0.000000	
583	404	2	1.436872	-2.922407	0.000000	0.000000	
584	404	2	1.285904	-3.076728	0.000000	0.000000	
585	404	3	1.316834	-2.987528	0.000000	0.000000	0.000000	0.000000	
586	404	2	0.000000	0.000000	0.000000	0.000000	
587	404	2	0.000000	0.000000	0.000000	0.000000	
588	404	3	1.552009	3.115803	0.000000	0.000000	0.000000	0.000000	
589	404	1	1.279391	-2.969984	
590	404	2	1.536257	-3.002246	0.000000	0.000000	
591	404	1	0.000000	0.000000	
592	404	2	0.000000	0.000000	0.000000	0.000000	
593	404	2	0.000000	0.000000	0.000000	0.000000	
594	404	2	0.000000	0.000000	0.000000	0.000000	
595	404	2	0.000000	0.000000	0.000000	0.000000	
596	404	2	0.000000	0.000000	0.000000	0.000000	
597	404	2	0.000000	0.000000	0.000000	0.000000	
598	404	2	0.000000	0.000000	0.000000	0.000000	
599	404	1	0.000000	0.000000	
600	404	2	1.473212	3.129553	0.000000	0.000000	
601	404	2	1.473337	3.125096	0.000000	0.000000	
602	404	3	0.000000	0.000000	0.000000	0.000000	0.000000	0.000000	
603	404	2	0.000000	0.000000	0.000000	0.000000	
604	404	2	0.000000	0.000000	0.000000	0.000000	
605	404	3	0.000000	0.000000	0.000000	0.000000	0.000000	0.000000	
606	404	2	0.000000	0.000000	0.000000	0.000000	
607	404	3	0.000000	0.000000	0.000000	0.000000	0.000000	0.000000	
608	404	3	0.000000	0.000000	0.000000	0.000000	0.000000	0.000000	
609	404	3	0.000000	0.000000	0.000000	0.000000	0.000000	0.000000	
610	404	3	0.000000	0.000000	0.000000	0.000000	0.000000	0.000000	
611	404	3	0.000000	0.000000	1.159595	-3.052729	0.000000	0.000000	
612	404	2	0.000000	0.000000	0.000000	0.000000	
613	404	3	0.000000	0.000000	1.199788	3.031140	0.000000	0.000000	
614	404	3	0.000000	0.000000	1.292129	3.130797	0.000000	0.000000	
615	404	2	0.000000	0.000000	0.000000	0.000000	
616	404	2	1.316439	3.130800	0.000000	0.000000	
617	404	1	0.000000	0.000000	
618	404	2	0.000000	0.000000	0.000000	0.000000	
619	404	1	1.400806	-3.069249	
620	404	1	0.000000	0.000000	
621	404	2	0.000000	0.000000	0.000000	0.000000	
622	404	2	0.000000	0.000000	1.295613	3.031140	
623	404	2	0.000000	0.000000	1.320101	3.040131	
624	404	1	1.217212	3.130797	
625	404	1	1.360348	3.130794	
626	404	1	1.269462	3.040142	
627	404	1	1.196712	-3.052714	
629	404	2	0.000000	0.000000	1.398618	3.130800	
631	404	1	1.346797	-2.999749	
632	404	1	1.444145	3.031140	
633	404	1	1.346797	-2.999749	
634	404	1	1.444145	3.031140	
635	404	1	1.469753	3.054025	
653	404	1	0.000000	0.000000	
654	404	1	0.000000	0.000000	
655	404	1	0.000000	0.000000	
656	404	2	0.000000	0.000000	0.000000	0.000000	
657	404	2	0.000000	0.000000	0.000000	0.000000	
658	404	2	0.000000	0.000000	0.000000	0.000000	
659	404	2	0.000000	0.000000	0.000000	0.000000	
660	404	2	1.857484	3.032475	0.000000	0.000000	
662	404	1	0.000000	0.000000	
663	404	1	0.000000	0.000000	
664	404	1	0.000000	0.000000	
665	404	2	0.000000	0.000000	1.210892	2.923301	
666	404	1	0.000000	0.000000	
667	404	1	0.000000	0.000000	
668	404	1	0.000000	0.000000	
669	404	1	0.000000	0.000000	
670	404	1	0.000000	0.000000	
671	404	1	0.000000	0.000000	
676	404	3	1.606578	2.677945	0.000000	0.000000	0.000000	0.000000	
677	404	2	0.000000	0.000000	0.000000	0.000000	
678	404	2	0.000000	0.000000	0.000000	0.000000	
679	404	2	0.000000	0.000000	0.000000	0.000000	
680	404	2	0.000000	0.000000	0.000000	0.000000	
681	404	3	0.000000	0.000000	0.000000	0.000000	0.000000	0.000000	
682	404	3	0.000000	0.000000	0.000000	0.000000	0.000000	0.000000	
683	404	1	0.000000	0.000000	
684	404	1	0.000000	0.000000	
685	404	2	0.000000	0.000000	0.000000	0.000000	
686	404	3	0.000000	0.000000	0.000000	0.000000	0.000000	0.000000	
687	404	3	0.000000	0.000000	0.000000	0.000000	1.172415	-2.853895	
688	404	3	0.000000	0.000000	0.000000	0.000000	0.000000	0.000000	
689	404	4	0.000000	0.000000	0.000000	0.000000	0.000000	0.000000	0.000000	0.000000	
690	404	3	0.000000	0.000000	0.000000	0.000000	0.000000	0.000000	
691	404	2	0.000000	0.000000	0.000000	0.000000	
692	404	1	0.000000	0.000000	
693	404	1	0.000000	0.000000	
694	404	1	0.000000	0.000000	
697	404	1	0.000000	0.000000	
698	404	1	0.000000	0.000000	
699	404	1	0.000000	0.000000	
702	404	1	0.000000	0.000000	
703	404	1	0.000000	0.000000	
704	404	2	0.000000	0.000000	0.000000	0.000000	
705	404	3	0.000000	0.000000	0.000000	0.000000	0.000000	0.000000	
706	404	3	0.000000	0.000000	0.000000	0.000000	0.000000	0.000000	
707	404	2	0.000000	0.000000	0.000000	0.000000	
708	404	3	0.000000	0.000000	0.000000	0.000000	0.000000	0.000000	
709	404	2	0.000000	0.000000	0.763100	-3.126454	
710	404	3	1.202000	3.050941	0.908811	-3.094188	1.150316	2.914816	
711	404	3	0.954374	3.115954	1.036617	2.826430	0.000000	0.000000	
712	404	3	0.880932	-3.111740	0.000000	0.000000	0.000000	0.000000	
713	404	2	0.000000	0.000000	0.000000	0.000000	
714	404	2	0.000000	0.000000	0.000000	0.000000	
715	404	2	0.000000	0.000000	0.000000	0.000000	
716	404	2	0.000000	0.000000	0.000000	0.000000	
717	404	1	0.000000	0.000000	
718	404	1	0.000000	0.000000	
719	404	1	0.000000	0.000000	
727	404	1	0.000000	0.000000	
729	404	1	0.000000	0.000000	
464	405	1	0.000000	0.000000	
465	405	1	0.000000	0.000000	
466	405	1	0.000000	0.000000	
467	405	1	0.000000	0.000000	
468	405	1	0.000000	0.000000	
469	405	1	0.000000	0.000000	
470	405	1	0.000000	0.000000	
480	405	1	0.000000	0.000000	
481	405	2	0.000000	0.000000	0.000000	0.000000	
482	405	2	0.000000	0.000000	0.000000	0.000000	
483	405	2	0.000000	0.000000	0.000000	0.000000	
484	405	2	0.000000	0.000000	0.000000	0.000000	
485	405	2	0.000000	0.000000	0.000000	0.000000	
486	405	1	0.000000	0.000000	
487	405	1	0.000000	0.000000	
488	405	1	0.000000	0.000000	
489	405	1	0.000000	0.000000	
490	405	1	0.000000	0.000000	
491	405	1	0.000000	0.000000	
492	405	1	0.000000	0.000000	
493	405	1	0.000000	0.000000	
494	405	1	0.000000	0.000000	
495	405	1	0.000000	0.000000	
496	405	1	0.000000	0.000000	
497	405	1	0.000000	0.000000	
498	405	1	0.000000	0.000000	
499	405	2	0.000000	0.000000	0.000000	0.000000	
500	405	2	0.000000	0.000000	0.000000	0.000000	
501	405	2	0.000000	0.000000	0.000000	0.000000	
502	405	2	0.000000	0.000000	0.000000	0.000000	
503	405	2	0.000000	0.000000	0.000000	0.000000	
504	405	3	0.000000	0.000000	0.000000	0.000000	0.000000	0.000000	
505	405	3	0.000000	0.000000	1.486098	3.048386	1.457143	3.087983	
506	405	1	0.000000	0.000000	
518	405	1	0.000000	0.000000	
532	405	1	0.000000	0.000000	
533	405	1	0.000000	0.000000	
534	405	1	1.624044	3.115790	
535	405	1	0.000000	0.000000	
536	405	1	0.000000	0.000000	
537	405	2	1.396722	-2.969985	0.000000	0.000000	
538	405	2	1.455459	3.115793	0.000000	0.000000	
539	405	2	0.000000	0.000000	0.000000	0.000000	
540	405	2	0.000000	0.000000	0.000000	0.000000	
541	405	2	0.000000	0.000000	0.000000	0.000000	
542	405	3	0.000000	0.000000	0.000000	0.000000	0.000000	0.000000	
543	405	2	1.364272	3.115792	0.000000	0.000000	
544	405	2	1.433074	3.115803	0.000000	0.000000	
545	405	2	1.302139	3.060299	0.000000	0.000000	
546	405	2	1.264506	3.039022	0.000000	0.000000	
547	405	2	0.000000	0.000000	0.000000	0.000000	
548	405	2	0.000000	0.000000	0.000000	0.000000	
549	405	1	1.409216	-3.104969	
550	405	1	0.000000	0.000000	
551	405	1	0.000000	0.000000	
552	405	1	0.000000	0.000000	
553	405	1	0.000000	0.000000	
554	405	1	1.454428	3.115792	
555	405	1	0.000000	0.000000	
556	405	1	0.000000	0.000000	
557	405	1	0.000000	0.000000	
558	405	1	0.000000	0.000000	
559	405	1	1.536687	3.016132	
560	405	1	0.000000	0.000000	
561	405	1	0.000000	0.000000	
562	405	1	0.000000	0.000000	
563	405	1	0.000000	0.000000	
564	405	1	1.437031	3.044490	
565	405	1	1.222939	2.998692	
566	405	1	1.360081	2.963150	
568	405	1	0.000000	0.000000	
569	405	1	0.000000	0.000000	
570	405	1	0.000000	0.000000	
571	405	1	0.000000	0.000000	
572	405	1	0.000000	0.000000	
573	405	1	0.000000	0.000000	
574	405	1	0.000000	0.000000	
575	405	1	0.000000	0.000000	
576	405	1	0.000000	0.000000	
577	405	2	0.000000	0.000000	0.000000	0.000000	
578	405	2	0.000000	0.000000	0.000000	0.000000	
579	405	1	0.000000	0.000000	
580	405	1	0.000000	0.000000	
581	405	2	0.000000	0.000000	0.000000	0.000000	
582	405	2	0.000000	0.000000	0.000000	0.000000	
583	405	2	0.000000	0.000000	0.000000	0.000000	
584	405	2	0.000000	0.000000	0.000000	0.000000	
585	405	2	0.000000	0.000000	0.000000	0.000000	
586	405	2	1.551547	3.115791	0.000000	0.000000	
587	405	2	1.555911	3.039025	0.000000	0.000000	
588	405	2	0.000000	0.000000	0.000000	0.000000	
589	405	3	1.293112	3.115787	0.000000	0.000000	0.000000	0.000000	
590	405	2	0.000000	0.000000	0.000000	0.000000	
591	405	3	1.400089	-3.117428	0.000000	0.000000	0.000000	0.000000	
592	405	3	1.337219	-3.104968	0.000000	0.000000	0.000000	0.000000	
593	405	3	0.000000	0.000000	0.000000	0.000000	0.000000	0.000000	
594	405	3	0.000000	0.000000	0.000000	0.000000	0.000000	0.000000	
595	405	3	0.000000	0.000000	0.000000	0.000000	0.000000	0.000000	
596	405	3	1.497578	3.115803	0.000000	0.000000	0.000000	0.000000	
597	405	2	1.395187	3.115795	0.000000	0.000000	
598	405	3	1.593750	3.115791	0.000000	0.000000	0.000000	0.000000	
599	405	2	0.000000	0.000000	0.000000	0.000000	
600	405	3	0.000000	0.000000	0.000000	0.000000	0.000000	0.000000	
601	405	3	0.000000	0.000000	0.000000	0.000000	0.000000	0.000000	
602	405	4	0.000000	0.000000	0.000000	0.000000	0.000000	0.000000	1.117729	2.873473	
603	405	3	0.000000	0.000000	0.000000	0.000000	0.000000	0.000000	
604	405	3	0.000000	0.000000	0.000000	0.000000	0.000000	0.000000	
605	405	4	0.000000	0.000000	0.000000	0.000000	0.000000	0.000000	0.000000	0.000000	
606	405	4	0.000000	0.000000	0.000000	0.000000	0.000000	0.000000	0.000000	0.000000	
607	405	3	0.000000	0.000000	0.000000	0.000000	0.000000	0.000000	
608	405	3	0.000000	0.000000	0.000000	0.000000	0.000000	0.000000	
609	405	3	0.000000	0.000000	0.000000	0.000000	0.000000	0.000000	
610	405	3	0.000000	0.000000	0.000000	0.000000	0.000000	0.000000	
611	405	4	0.000000	0.000000	0.000000	0.000000	0.000000	0.000000	0.000000	0.000000	
612	405	4	0.000000	0.000000	0.000000	0.000000	0.000000	0.000000	0.000000	0.000000	
613	405	4	0.000000	0.000000	1.263238	3.115789	0.000000	0.000000	0.000000	0.000000	
614	405	3	0.000000	0.000000	0.000000	0.000000	0.000000	0.000000	
615	405	4	0.000000	0.000000	0.000000	0.000000	0.000000	0.000000	0.000000	0.000000	
616	405	4	0.000000	0.000000	0.000000	0.000000	0.000000	0.000000	0.000000	0.000000	
617	405	4	0.000000	0.000000	0.000000	0.000000	0.000000	0.000000	0.000000	0.000000	
618	405	4	0.000000	0.000000	0.000000	0.000000	0.000000	0.000000	0.000000	0.000000	
619	405	4	0.000000	0.000000	0.000000	0.000000	0.000000	0.000000	0.000000	0.000000	
620	405	4	0.000000	0.000000	0.000000	0.000000	0.000000	0.000000	0.000000	0.000000	
621	405	4	0.000000	0.000000	0.000000	0.000000	0.000000	0.000000	0.000000	0.000000	
622	405	4	0.000000	0.000000	0.000000	0.000000	0.000000	0.000000	0.000000	0.000000	
623	405	5	0.000000	0.000000	0.000000	0.000000	0.000000	0.000000	0.000000	0.000000	0.000000	0.000000	
624	405	5	0.000000	0.000000	0.000000	0.000000	0.000000	0.000000	0.000000	0.000000	0.000000	0.000000	
625	405	4	0.000000	0.000000	0.000000	0.000000	0.000000	0.000000	0.000000	0.000000	
626	405	4	0.000000	0.000000	0.000000	0.000000	0.000000	0.000000	0.000000	0.000000	
627	405	4	0.000000	0.000000	0.000000	0.000000	0.000000	0.000000	0.000000	0.000000	
628	405	5	0.000000	0.000000	0.000000	0.000000	0.000000	0.000000	0.000000	0.000000	0.000000	0.000000	
629	405	5	0.000000	0.000000	0.000000	0.000000	0.000000	0.000000	0.000000	0.000000	0.000000	0.000000	
630	405	6	0.000000	0.000000	0.000000	0.000000	0.000000	0.000000	0.000000	0.000000	0.000000	0.000000	0.000000	0.000000	
631	405	6	0.000000	0.000000	0.000000	0.000000	0.000000	0.000000	0.000000	0.000000	0.000000	0.000000	0.000000	0.000000	
632	405	5	0.000000	0.000000	0.000000	0.000000	0.000000	0.000000	0.000000	0.000000	0.000000	0.000000	
633	405	5	0.000000	0.000000	0.000000	0.000000	0.000000	0.000000	0.000000	0.000000	0.000000	0.000000	
634	405	3	0.000000	0.000000	0.000000	0.000000	0.000000	0.000000	
635	405	3	0.000000	0.000000	0.000000	0.000000	0.000000	0.000000	
636	405	4	0.000000	0.000000	0.000000	0.000000	0.000000	0.000000	0.000000	0.000000	
637	405	5	0.000000	0.000000	0.000000	0.000000	0.000000	0.000000	0.000000	0.000000	0.000000	0.000000	
638	405	5	0.000000	0.000000	0.000000	0.000000	0.000000	0.000000	0.000000	0.000000	0.000000	0.000000	
639	405	6	0.000000	0.000000	0.000000	0.000000	0.000000	0.000000	0.000000	0.000000	0.000000	0.000000	0.000000	0.000000	
640	405	6	0.000000	0.000000	0.000000	0.000000	0.000000	0.000000	0.000000	0.000000	0.000000	0.000000	0.000000	0.000000	
641	405	8	0.000000	0.000000	0.000000	0.000000	0.000000	0.000000	0.000000	0.000000	0.000000	0.000000	0.000000	0.000000	0.000000	0.000000	0.000000	0.000000	
642	405	8	0.000000	0.000000	0.000000	0.000000	0.000000	0.000000	0.000000	0.000000	0.000000	0.000000	0.000000	0.000000	0.000000	0.000000	1.064122	3.047659	
643	405	7	0.000000	0.000000	0.000000	0.000000	0.000000	0.000000	0.000000	0.000000	0.000000	0.000000	0.000000	0.000000	0.000000	0.000000	
644	405	7	0.000000	0.000000	0.000000	0.000000	0.000000	0.000000	0.000000	0.000000	0.000000	0.000000	0.000000	0.000000	0.000000	0.000000	
645	405	7	0.000000	0.000000	0.000000	0.000000	0.000000	0.000000	0.000000	0.000000	0.000000	0.000000	0.000000	0.000000	0.000000	0.000000	
646	405	7	0.000000	0.000000	0.000000	0.000000	0.000000	0.000000	0.000000	0.000000	0.000000	0.000000	0.000000	0.000000	0.000000	0.000000	
647	405	7	0.000000	0.000000	0.000000	0.000000	0.000000	0.000000	0.000000	0.000000	0.000000	0.000000	0.000000	0.000000	0.000000	0.000000	
648	405	7	0.000000	0.000000	0.000000	0.000000	0.000000	0.000000	0.000000	0.000000	0.000000	0.000000	0.000000	0.000000	0.000000	0.000000	
649	405	7	0.000000	0.000000	0.000000	0.000000	0.000000	0.000000	0.000000	0.000000	0.000000	0.000000	0.000000	0.000000	0.000000	0.000000	
650	405	6	0.000000	0.000000	0.000000	0.000000	0.000000	0.000000	0.000000	0.000000	0.000000	0.000000	0.000000	0.000000	
651	405	5	0.000000	0.000000	0.000000	0.000000	0.000000	0.000000	0.000000	0.000000	0.000000	0.000000	
652	405	5	0.000000	0.000000	0.000000	0.000000	0.000000	0.000000	0.000000	0.000000	0.000000	0.000000	
653	405	5	0.000000	0.000000	0.000000	0.000000	0.000000	0.000000	0.000000	0.000000	0.000000	0.000000	
654	405	4	0.000000	0.000000	0.000000	0.000000	0.000000	0.000000	0.000000	0.000000	
655	405	4	0.000000	0.000000	0.000000	0.000000	0.000000	0.000000	0.000000	0.000000	
656	405	3	0.000000	0.000000	0.000000	0.000000	0.000000	0.000000	
657	405	3	0.000000	0.000000	0.000000	0.000000	0.000000	0.000000	
658	405	2	0.000000	0.000000	0.000000	0.000000	
659	405	2	0.000000	0.000000	0.000000	0.000000	
660	405	2	0.000000	0.000000	0.000000	0.000000	
661	405	3	0.000000	0.000000	0.000000	0.000000	0.000000	0.000000	
662	405	2	0.000000	0.000000	0.000000	0.000000	
663	405	2	0.000000	0.000000	0.000000	0.000000	
664	405	2	0.000000	0.000000	0.000000	0.000000	
665	405	1	0.000000	0.000000	
666	405	1	0.000000	0.000000	
667	405	1	0.000000	0.000000	
668	405	1	0.000000	0.000000	
669	405	1	0.000000	0.000000	
670	405	2	0.000000	0.000000	0.000000	0.000000	
671	405	2	0.000000	0.000000	0.000000	0.000000	
672	405	1	0.000000	0.000000	
673	405	2	0.000000	0.000000	0.000000	0.000000	
674	405	4	0.000000	0.000000	0.000000	0.000000	0.000000	0.000000	0.000000	0.000000	
675	405	6	0.000000	0.000000	0.000000	0.000000	0.000000	0.000000	0.000000	0.000000	0.000000	0.000000	0.000000	0.000000	
676	405	4	0.000000	0.000000	0.000000	0.000000	0.000000	0.000000	0.000000	0.000000	
677	405	4	0.000000	0.000000	0.000000	0.000000	0.000000	0.000000	0.000000	0.000000	
678	405	5	0.000000	0.000000	0.000000	0.000000	0.000000	0.000000	0.000000	0.000000	0.000000	0.000000	
679	405	5	1.344927	3.058447	0.000000	0.000000	0.000000	0.000000	0.000000	0.000000	0.000000	0.000000	
680	405	4	0.000000	0.000000	0.000000	0.000000	0.000000	0.000000	0.000000	0.000000	
681	405	4	0.000000	0.000000	0.855357	-2.988933	0.000000	0.000000	0.000000	0.000000	
682	405	3	0.000000	0.000000	0.000000	0.000000	0.000000	0.000000	
683	405	4	0.000000	0.000000	0.000000	0.000000	0.000000	0.000000	0.000000	0.000000	
684	405	3	0.000000	0.000000	1.007328	-3.009033	0.000000	0.000000	
685	405	2	0.000000	0.000000	0.000000	0.000000	
686	405	1	0.000000	0.000000	
687	405	1	0.000000	0.000000	
688	405	1	0.000000	0.000000	
695	405	1	0.000000	0.000000	
696	405	2	0.000000	0.000000	0.000000	0.000000	
697	405	1	0.000000	0.000000	
698	405	2	0.000000	0.000000	0.000000	0.000000	
699	405	4	0.000000	0.000000	0.000000	0.000000	0.000000	0.000000	0.000000	0.000000	
700	405	3	0.000000	0.000000	0.000000	0.000000	0.000000	0.000000	
701	405	3	0.000000	0.000000	1.038996	-3.111727	0.000000	0.000000	
702	405	4	0.000000	0.000000	0.000000	0.000000	0.000000	0.000000	0.000000	0.000000	
703	405	4	1.123690	2.746618	0.000000	0.000000	0.000000	0.000000	0.000000	0.000000	
704	405	4	0.000000	0.000000	0.000000	0.000000	0.000000	0.000000	0.000000	0.000000	
705	405	2	0.000000	0.000000	0.000000	0.000000	
706	405	3	0.000000	0.000000	0.985758	3.054019	0.000000	0.000000	
707	405	4	0.000000	0.000000	0.000000	0.000000	1.032380	2.900950	0.000000	0.000000	
708	405	3	0.000000	0.000000	0.000000	0.000000	1.199346	-3.080500	
709	405	1	0.000000	0.000000	
712	405	1	1.551517	2.693097	
713	405	2	1.262545	2.527942	1.149361	-2.763513	
715	405	1	1.040089	-3.138936	
720	405	1	0.000000	0.000000	
721	405	1	0.000000	0.000000	
722	405	1	0.000000	0.000000	
727	405	1	0.000000	0.000000	
729	405	1	0.000000	0.000000	
730	405	1	0.000000	0.000000	
464	406	1	0.000000	0.000000	
465	406	1	0.000000	0.000000	
466	406	1	0.000000	0.000000	
467	406	1	0.000000	0.000000	
468	406	1	0.000000	0.000000	
471	406	1	0.000000	0.000000	
472	406	1	0.000000	0.000000	
473	406	2	0.000000	0.000000	0.000000	0.000000	
474	406	2	0.000000	0.000000	0.000000	0.000000	
475	406	3	0.000000	0.000000	0.000000	0.000000	0.000000	0.000000	
476	406	3	0.000000	0.000000	0.000000	0.000000	0.000000	0.000000	
477	406	3	0.000000	0.000000	0.000000	0.000000	0.000000	0.000000	
478	406	2	0.000000	0.000000	0.000000	0.000000	
479	406	2	0.000000	0.000000	0.000000	0.000000	
480	406	2	0.000000	0.000000	0.000000	0.000000	
481	406	2	0.000000	0.000000	0.000000	0.000000	
482	406	1	0.000000	0.000000	
483	406	1	0.000000	0.000000	
484	406	1	0.000000	0.000000	
485	406	1	0.000000	0.000000	
486	406	1	0.000000	0.000000	
487	406	1	0.000000	0.000000	
488	406	1	0.000000	0.000000	
489	406	1	0.000000	0.000000	
490	406	1	0.000000	0.000000	
491	406	2	0.000000	0.000000	0.000000	0.000000	
492	406	2	0.000000	0.000000	0.000000	0.000000	
493	406	2	0.000000	0.000000	0.000000	0.000000	
494	406	2	0.000000	0.000000	0.000000	0.000000	
495	406	2	0.000000	0.000000	0.000000	0.000000	
496	406	2	0.000000	0.000000	0.000000	0.000000	
497	406	2	0.000000	0.000000	0.000000	0.000000	
498	406	2	0.000000	0.000000	0.000000	0.000000	
499	406	1	0.000000	0.000000	
500	406	1	0.000000	0.000000	
501	406	1	0.000000	0.000000	
502	406	1	0.000000	0.000000	
503	406	1	0.000000	0.000000	
504	406	1	0.000000	0.000000	
527	406	1	0.000000	0.000000	
528	406	1	0.000000	0.000000	
529	406	1	0.000000	0.000000	
530	406	1	0.000000	0.000000	
531	406	1	0.000000	0.000000	
532	406	1	0.000000	0.000000	
533	406	1	0.000000	0.000000	
534	406	1	0.000000	0.000000	
535	406	1	0.000000	0.000000	
536	406	1	0.000000	0.000000	
540	406	1	0.000000	0.000000	
541	406	1	0.000000	0.000000	
542	406	1	0.000000	0.000000	
543	406	1	0.000000	0.000000	
544	406	1	0.000000	0.000000	
545	406	1	0.000000	0.000000	
546	406	1	0.000000	0.000000	
547	406	1	0.000000	0.000000	
548	406	1	0.000000	0.000000	
549	406	2	0.000000	0.000000	0.000000	0.000000	
550	406	2	0.000000	0.000000	0.000000	0.000000	
551	406	2	0.000000	0.000000	0.000000	0.000000	
552	406	2	0.000000	0.000000	0.000000	0.000000	
553	406	1	0.000000	0.000000	
554	406	1	0.000000	0.000000	
555	406	2	0.000000	0.000000	0.000000	0.000000	
556	406	2	0.000000	0.000000	0.000000	0.000000	
557	406	2	0.000000	0.000000	0.000000	0.000000	
558	406	2	0.000000	0.000000	0.000000	0.000000	
559	406	2	0.000000	0.000000	0.000000	0.000000	
560	406	2	0.000000	0.000000	0.000000	0.000000	
561	406	2	0.000000	0.000000	0.000000	0.000000	
562	406	1	0.000000	0.000000	
563	406	1	0.000000	0.000000	
564	406	2	0.000000	0.000000	0.000000	0.000000	
565	406	2	0.000000	0.000000	0.000000	0.000000	
566	406	2	0.000000	0.000000	0.000000	0.000000	
567	406	2	0.000000	0.000000	0.000000	0.000000	
568	406	2	0.000000	0.000000	0.000000	0.000000	
569	406	2	0.000000	0.000000	0.000000	0.000000	
570	406	2	0.000000	0.000000	0.000000	0.000000	
571	406	2	0.000000	0.000000	0.000000	0.000000	
572	406	3	0.000000	0.000000	0.000000	0.000000	0.000000	0.000000	
573	406	3	0.000000	0.000000	0.000000	0.000000	0.000000	0.000000	
574	406	3	0.000000	0.000000	0.000000	0.000000	0.000000	0.000000	
575	406	3	0.000000	0.000000	0.000000	0.000000	0.000000	0.000000	
576	406	3	0.000000	0.000000	0.000000	0.000000	0.000000	0.000000	
577	406	2	0.000000	0.000000	0.000000	0.000000	
578	406	2	0.000000	0.000000	0.000000	0.000000	
579	406	3	0.000000	0.000000	0.000000	0.000000	0.000000	0.000000	
580	406	3	0.000000	0.000000	0.000000	0.000000	0.000000	0.000000	
581	406	2	0.000000	0.000000	0.000000	0.000000	
582	406	1	0.000000	0.000000	
583	406	1	0.000000	0.000000	
584	406	1	0.000000	0.000000	
585	406	1	0.000000	0.000000	
586	406	2	0.000000	0.000000	0.000000	0.000000	
587	406	2	0.000000	0.000000	0.000000	0.000000	
588	406	1	0.000000	0.000000	
589	406	1	0.000000	0.000000	
590	406	2	0.000000	0.000000	0.000000	0.000000	
591	406	2	0.000000	0.000000	0.000000	0.000000	
592	406	2	0.000000	0.000000	0.000000	0.000000	
593	406	3	0.000000	0.000000	0.000000	0.000000	0.000000	0.000000	
594	406	3	0.000000	0.000000	0.000000	0.000000	0.000000	0.000000	
595	406	4	0.000000	0.000000	0.000000	0.000000	0.000000	0.000000	0.000000	0.000000	
596	406	3	0.000000	0.000000	0.000000	0.000000	0.000000	0.000000	
597	406	4	0.000000	0.000000	0.000000	0.000000	0.000000	0.000000	0.000000	0.000000	
598	406	4	0.000000	0.000000	0.000000	0.000000	0.000000	0.000000	0.000000	0.000000	
599	406	5	0.000000	0.000000	0.000000	0.000000	0.000000	0.000000	0.000000	0.000000	0.000000	0.000000	
600	406	4	0.000000	0.000000	1.202535	3.056855	0.000000	0.000000	0.000000	0.000000	
602	406	2	0.000000	0.000000	0.000000	0.000000	
603	406	1	0.000000	0.000000	
604	406	1	0.000000	0.000000	
605	406	2	0.902209	-3.057441	0.000000	0.000000	
606	406	3	0.000000	0.000000	0.000000	0.000000	0.000000	0.000000	
607	406	2	0.000000	0.000000	0.000000	0.000000	
608	406	4	0.000000	0.000000	0.000000	0.000000	0.000000	0.000000	0.000000	0.000000	
609	406	3	0.000000	0.000000	0.000000	0.000000	0.000000	0.000000	
610	406	3	0.000000	0.000000	0.000000	0.000000	0.000000	0.000000	
611	406	4	0.000000	0.000000	0.000000	0.000000	0.000000	0.000000	0.000000	0.000000	
612	406	3	0.000000	0.000000	0.000000	0.000000	0.000000	0.000000	
613	406	2	0.000000	0.000000	0.000000	0.000000	
614	406	2	0.000000	0.000000	0.000000	0.000000	
615	406	4	0.000000	0.000000	0.000000	0.000000	0.000000	0.000000	0.000000	0.000000	
616	406	4	0.000000	0.000000	0.000000	0.000000	0.000000	0.000000	0.000000	0.000000	
617	406	4	0.000000	0.000000	0.000000	0.000000	0.000000	0.000000	0.000000	0.000000	
618	406	4	0.000000	0.000000	0.000000	0.000000	0.000000	0.000000	0.000000	0.000000	
619	406	4	0.000000	0.000000	0.000000	0.000000	0.000000	0.000000	0.000000	0.000000	
620	406	4	0.000000	0.000000	0.000000	0.000000	0.000000	0.000000	0.000000	0.000000	
621	406	3	0.000000	0.000000	0.000000	0.000000	0.000000	0.000000	
622	406	3	0.000000	0.000000	0.000000	0.000000	0.000000	0.000000	
623	406	4	0.000000	0.000000	0.000000	0.000000	0.000000	0.000000	0.000000	0.000000	
624	406	4	0.000000	0.000000	0.000000	0.000000	0.000000	0.000000	0.000000	0.000000	
625	406	5	0.000000	0.000000	0.000000	0.000000	0.000000	0.000000	0.000000	0.000000	0.000000	0.000000	
626	406	5	0.000000	0.000000	0.000000	0.000000	0.000000	0.000000	0.000000	0.000000	0.000000	0.000000	
627	406	4	0.000000	0.000000	0.000000	0.000000	0.000000	0.000000	0.000000	0.000000	
628	406	3	0.000000	0.000000	0.000000	0.000000	0.000000	0.000000	
629	406	3	0.000000	0.000000	0.000000	0.000000	0.000000	0.000000	
630	406	3	0.000000	0.000000	0.000000	0.000000	0.000000	0.000000	
631	406	4	0.000000	0.000000	0.000000	0.000000	0.000000	0.000000	0.000000	0.000000	
632	406	5	0.000000	0.000000	0.000000	0.000000	0.000000	0.000000	0.000000	0.000000	0.000000	0.000000	
633	406	5	0.000000	0.000000	0.000000	0.000000	0.000000	0.000000	0.000000	0.000000	0.000000	0.000000	
634	406	7	0.000000	0.000000	0.000000	0.000000	0.000000	0.000000	0.000000	0.000000	0.000000	0.000000	0.000000	0.000000	0.000000	0.000000	
635	406	7	0.000000	0.000000	0.000000	0.000000	0.000000	0.000000	0.000000	0.000000	0.000000	0.000000	0.000000	0.000000	0.000000	0.000000	
636	406	6	0.000000	0.000000	0.000000	0.000000	0.000000	0.000000	0.000000	0.000000	0.000000	0.000000	0.000000	0.000000	
637	406	6	0.000000	0.000000	0.000000	0.000000	0.000000	0.000000	0.000000	0.000000	0.000000	0.000000	0.000000	0.000000	
638	406	6	0.000000	0.000000	0.000000	0.000000	0.000000	0.000000	0.000000	0.000000	0.000000	0.000000	0.000000	0.000000	
639	406	5	0.000000	0.000000	0.000000	0.000000	0.000000	0.000000	0.000000	0.000000	0.000000	0.000000	
640	406	6	0.000000	0.000000	0.000000	0.000000	0.000000	0.000000	0.000000	0.000000	0.000000	0.000000	0.000000	0.000000	
641	406	5	0.000000	0.000000	0.000000	0.000000	0.000000	0.000000	0.000000	0.000000	0.000000	0.000000	
642	406	4	0.000000	0.000000	0.000000	0.000000	0.000000	0.000000	0.000000	0.000000	
643	406	4	0.000000	0.000000	0.000000	0.000000	0.000000	0.000000	1.315400	3.130792	
644	406	3	0.000000	0.000000	0.000000	0.000000	0.000000	0.000000	
645	406	3	0.000000	0.000000	0.000000	0.000000	0.000000	0.000000	
646	406	3	0.000000	0.000000	0.000000	0.000000	0.000000	0.000000	
647	406	4	0.000000	0.000000	0.000000	0.000000	0.000000	0.000000	0.000000	0.000000	
648	406	3	0.000000	0.000000	0.000000	0.000000	0.000000	0.000000	
649	406	3	0.000000	0.000000	0.000000	0.000000	0.000000	0.000000	
650	406	4	0.000000	0.000000	0.000000	0.000000	0.000000	0.000000	0.000000	0.000000	
651	406	4	0.000000	0.000000	0.000000	0.000000	0.000000	0.000000	0.000000	0.000000	
652	406	4	0.000000	0.000000	0.000000	0.000000	0.000000	0.000000	0.000000	0.000000	
653	406	4	0.000000	0.000000	0.000000	0.000000	0.000000	0.000000	1.379990	-2.957239	
654	406	3	0.000000	0.000000	0.000000	0.000000	0.000000	0.000000	
655	406	3	0.000000	0.000000	0.000000	0.000000	0.000000	0.000000	
656	406	3	0.000000	0.000000	0.000000	0.000000	0.000000	0.000000	
657	406	3	0.000000	0.000000	0.000000	0.000000	0.000000	0.000000	
658	406	3	0.000000	0.000000	0.000000	0.000000	0.000000	0.000000	
659	406	2	0.000000	0.000000	0.000000	0.000000	
660	406	2	0.000000	0.000000	0.000000	0.000000	
661	406	2	0.000000	0.000000	0.000000	0.000000	
662	406	2	0.000000	0.000000	0.000000	0.000000	
663	406	2	0.000000	0.000000	0.000000	0.000000	
664	406	2	0.000000	0.000000	0.000000	0.000000	
665	406	2	0.000000	0.000000	0.000000	0.000000	
666	406	2	0.000000	0.000000	0.000000	0.000000	
667	406	2	0.000000	0.000000	0.000000	0.000000	
668	406	3	0.000000	0.000000	1.541609	-3.085370	1.021212	-0.568806	
669	406	2	0.000000	0.000000	0.000000	0.000000	
670	406	1	0.000000	0.000000	
671	406	1	0.000000	0.000000	
672	406	3	0.000000	0.000000	0.000000	0.000000	0.000000	0.000000	
673	406	4	0.000000	0.000000	0.000000	0.000000	0.000000	0.000000	0.000000	0.000000	
674	406	4	0.000000	0.000000	0.000000	0.000000	0.000000	0.000000	0.000000	0.000000	
675	406	3	0.000000	0.000000	0.000000	0.000000	0.000000	0.000000	
676	406	2	0.000000	0.000000	0.000000	0.000000	
677	406	1	0.000000	0.000000	
678	406	1	0.000000	0.000000	
679	406	1	0.000000	0.000000	
680	406	1	0.000000	0.000000	
681	406	1	0.000000	0.000000	
682	406	1	0.000000	0.000000	
683	406	1	0.000000	0.000000	
684	406	1	0.000000	0.000000	
685	406	1	0.000000	0.000000	
686	406	1	0.000000	0.000000	
687	406	1	0.000000	0.000000	
690	406	1	0.000000	0.000000	
691	406	1	0.000000	0.000000	
692	406	1	0.000000	0.000000	
693	406	1	0.000000	0.000000	
694	406	1	0.000000	0.000000	
695	406	1	0.000000	0.000000	
696	406	1	0.000000	0.000000	
697	406	2	0.000000	0.000000	0.000000	0.000000	
698	406	3	0.000000	0.000000	0.000000	0.000000	0.000000	0.000000	
699	406	1	1.120299	-2.703587	
700	406	2	0.000000	0.000000	0.000000	0.000000	
701	406	2	1.151174	-2.993099	0.000000	0.000000	
702	406	1	0.000000	0.000000	
703	406	1	0.000000	0.000000	
704	406	3	0.000000	0.000000	0.000000	0.000000	2.366417	-2.506201	
705	406	1	0.000000	0.000000	
706	406	1	0.000000	0.000000	
709	406	1	0.000000	0.000000	
710	406	1	0.000000	0.000000	
711	406	1	0.000000	0.000000	
722	406	1	0.000000	0.000000	
723	406	1	0.000000	0.000000	
726	406	1	0.000000	0.000000	
727	406	1	0.000000	0.000000	
730	406	1	0.000000	0.000000	
464	407	1	0.000000	0.000000	
465	407	1	0.000000	0.000000	
466	407	1	0.000000	0.000000	
467	407	1	0.000000	0.000000	
469	407	1	0.000000	0.000000	
470	407	2	0.000000	0.000000	0.000000	0.000000	
471	407	2	0.000000	0.000000	0.000000	0.000000	
472	407	2	0.000000	0.000000	0.000000	0.000000	
473	407	2	0.000000	0.000000	0.000000	0.000000	
474	407	1	0.000000	0.000000	
475	407	1	0.000000	0.000000	
478	407	1	0.000000	0.000000	
479	407	1	0.000000	0.000000	
480	407	1	0.000000	0.000000	
481	407	1	0.000000	0.000000	
482	407	1	0.000000	0.000000	
483	407	1	0.000000	0.000000	
484	407	1	0.000000	0.000000	
485	407	1	0.000000	0.000000	
486	407	1	0.000000	0.000000	
487	407	1	0.000000	0.000000	
488	407	1	0.000000	0.000000	
489	407	1	0.000000	0.000000	
490	407	2	0.000000	0.000000	0.000000	0.000000	
545	407	1	0.000000	0.000000	
546	407	1	0.000000	0.000000	
547	407	1	0.000000	0.000000	
548	407	1	0.000000	0.000000	
549	407	1	0.000000	0.000000	
550	407	1	0.000000	0.000000	
551	407	1	0.000000	0.000000	
552	407	1	0.000000	0.000000	
553	407	2	0.000000	0.000000	0.000000	0.000000	
554	407	1	0.000000	0.000000	
555	407	2	0.000000	0.000000	0.000000	0.000000	
556	407	1	0.000000	0.000000	
557	407	1	0.000000	0.000000	
558	407	1	0.000000	0.000000	
559	407	1	0.000000	0.000000	
560	407	1	0.000000	0.000000	
561	407	1	0.000000	0.000000	
562	407	2	0.000000	0.000000	0.000000	0.000000	
563	407	2	0.000000	0.000000	0.000000	0.000000	
564	407	1	0.000000	0.000000	
565	407	1	0.000000	0.000000	
566	407	2	0.000000	0.000000	0.000000	0.000000	
567	407	1	0.000000	0.000000	
568	407	1	0.000000	0.000000	
569	407	1	0.000000	0.000000	
570	407	2	0.000000	0.000000	0.000000	0.000000	
571	407	2	0.000000	0.000000	0.000000	0.000000	
572	407	2	0.000000	0.000000	0.000000	0.000000	
573	407	1	0.000000	0.000000	
574	407	1	0.000000	0.000000	
575	407	1	0.000000	0.000000	
576	407	1	0.000000	0.000000	
577	407	1	0.000000	0.000000	
578	407	1	0.000000	0.000000	
579	407	1	0.000000	0.000000	
580	407	1	0.000000	0.000000	
581	407	2	0.000000	0.000000	0.000000	0.000000	
582	407	2	0.000000	0.000000	0.000000	0.000000	
583	407	2	0.000000	0.000000	0.000000	0.000000	
584	407	2	0.000000	0.000000	0.000000	0.000000	
585	407	2	0.000000	0.000000	0.000000	0.000000	
586	407	3	0.000000	0.000000	0.000000	0.000000	0.000000	0.000000	
587	407	3	0.000000	0.000000	0.000000	0.000000	0.000000	0.000000	
588	407	4	0.000000	0.000000	0.000000	0.000000	0.000000	0.000000	0.000000	0.000000	
589	407	4	0.000000	0.000000	0.000000	0.000000	0.000000	0.000000	0.000000	0.000000	
590	407	3	0.000000	0.000000	0.000000	0.000000	0.000000	0.000000	
591	407	3	0.000000	0.000000	0.000000	0.000000	0.000000	0.000000	
592	407	3	0.000000	0.000000	0.000000	0.000000	0.000000	0.000000	
593	407	2	0.000000	0.000000	0.000000	0.000000	
594	407	2	0.000000	0.000000	0.000000	0.000000	
595	407	2	0.000000	0.000000	0.000000	0.000000	
596	407	3	0.000000	0.000000	0.000000	0.000000	0.000000	0.000000	
597	407	4	0.000000	0.000000	0.000000	0.000000	0.000000	0.000000	0.000000	0.000000	
598	407	3	0.000000	0.000000	0.000000	0.000000	0.000000	0.000000	
599	407	2	0.000000	0.000000	2.079319	3.130795	
600	407	1	0.000000	0.000000	
601	407	3	0.000000	0.000000	0.000000	0.000000	0.000000	0.000000	
602	407	5	0.000000	0.000000	0.000000	0.000000	0.000000	0.000000	0.000000	0.000000	0.000000	0.000000	
603	407	4	0.000000	0.000000	0.000000	0.000000	0.000000	0.000000	0.000000	0.000000	
604	407	4	0.000000	0.000000	0.000000	0.000000	0.000000	0.000000	0.000000	0.000000	
605	407	4	0.000000	0.000000	0.000000	0.000000	0.000000	0.000000	0.000000	0.000000	
606	407	4	0.000000	0.000000	0.000000	0.000000	0.000000	0.000000	0.000000	0.000000	
607	407	5	0.000000	0.000000	0.000000	0.000000	0.000000	0.000000	0.000000	0.000000	0.000000	0.000000	
608	407	3	0.000000	0.000000	0.000000	0.000000	0.000000	0.000000	
609	407	3	0.000000	0.000000	0.000000	0.000000	0.000000	0.000000	
610	407	3	0.000000	0.000000	0.000000	0.000000	0.000000	0.000000	
611	407	3	0.000000	0.000000	0.000000	0.000000	0.000000	0.000000	
612	407	3	0.000000	0.000000	0.000000	0.000000	0.000000	0.000000	
613	407	3	0.000000	0.000000	0.000000	0.000000	0.000000	0.000000	
614	407	3	0.000000	0.000000	0.000000	0.000000	0.000000	0.000000	
615	407	1	0.000000	0.000000	
616	407	1	0.000000	0.000000	
617	407	1	0.000000	0.000000	
618	407	1	0.000000	0.000000	
619	407	1	0.000000	0.000000	
620	407	1	0.000000	0.000000	
621	407	2	0.000000	0.000000	0.000000	0.000000	
622	407	1	0.000000	0.000000	
626	407	1	0.000000	0.000000	
627	407	1	0.000000	0.000000	
628	407	1	0.880946	-3.099805	
629	407	1	0.000000	0.000000	
630	407	1	0.000000	0.000000	
631	407	1	0.000000	0.000000	
641	407	1	0.000000	0.000000	
642	407	1	0.000000	0.000000	
643	407	1	0.000000	0.000000	
644	407	1	0.000000	0.000000	
645	407	1	0.000000	0.000000	
646	407	1	0.000000	0.000000	
647	407	1	0.000000	0.000000	
648	407	1	0.000000	0.000000	
649	407	1	0.000000	0.000000	
650	407	1	0.000000	0.000000	
651	407	1	0.000000	0.000000	
652	407	1	0.000000	0.000000	
653	407	1	0.000000	0.000000	
654	407	1	0.000000	0.000000	
655	407	1	0.000000	0.000000	
657	407	1	0.000000	0.000000	
658	407	1	0.000000	0.000000	
665	407	1	0.000000	0.000000	
666	407	1	0.000000	0.000000	
667	407	1	0.000000	0.000000	
668	407	1	0.000000	0.000000	
669	407	1	0.000000	0.000000	
670	407	1	0.000000	0.000000	
671	407	3	0.000000	0.000000	0.000000	0.000000	0.000000	0.000000	
672	407	4	0.000000	0.000000	0.000000	0.000000	0.000000	0.000000	0.000000	0.000000	
673	407	6	1.176518	2.191048	0.000000	0.000000	0.000000	0.000000	0.000000	0.000000	0.000000	0.000000	0.000000	0.000000	
674	407	2	0.000000	0.000000	0.000000	0.000000	
675	407	1	0.000000	0.000000	
683	407	1	0.000000	0.000000	
684	407	1	0.000000	0.000000	
685	407	1	0.000000	0.000000	
686	407	1	0.000000	0.000000	
687	407	1	0.000000	0.000000	
688	407	2	0.000000	0.000000	1.271620	-2.381832	
689	407	2	0.000000	0.000000	1.045421	-3.025342	
690	407	2	0.000000	0.000000	0.000000	0.000000	
691	407	1	0.000000	0.000000	
692	407	1	0.000000	0.000000	
693	407	1	0.000000	0.000000	
695	407	1	0.000000	0.000000	
696	407	1	0.000000	0.000000	
697	407	2	0.000000	0.000000	0.000000	0.000000	
698	407	3	1.258263	2.811741	0.000000	0.000000	0.000000	0.000000	
699	407	3	1.061733	-3.138948	0.000000	0.000000	0.000000	0.000000	
700	407	2	0.000000	0.000000	0.000000	0.000000	
701	407	3	1.199840	2.849692	0.000000	0.000000	0.000000	0.000000	
702	407	2	1.130219	3.039172	0.000000	0.000000	
703	407	1	1.123966	2.929170	
705	407	1	0.000000	0.000000	
706	407	1	0.000000	0.000000	
707	407	1	0.000000	0.000000	
708	407	1	0.000000	0.000000	
709	407	1	1.306188	2.991591	
726	407	1	0.000000	0.000000	
731	407	1	0.000000	0.000000	
468	408	1	0.000000	0.000000	
469	408	1	0.000000	0.000000	
470	408	1	0.000000	0.000000	
553	408	1	0.000000	0.000000	
554	408	1	0.000000	0.000000	
555	408	2	0.000000	0.000000	0.000000	0.000000	
556	408	1	0.000000	0.000000	
557	408	1	0.000000	0.000000	
564	408	1	0.000000	0.000000	
565	408	1	0.000000	0.000000	
566	408	2	0.000000	0.000000	0.000000	0.000000	
567	408	2	0.000000	0.000000	0.000000	0.000000	
568	408	2	0.000000	0.000000	0.000000	0.000000	
569	408	2	0.000000	0.000000	0.000000	0.000000	
570	408	2	0.000000	0.000000	0.000000	0.000000	
571	408	1	0.000000	0.000000	
572	408	1	0.000000	0.000000	
573	408	2	0.000000	0.000000	0.000000	0.000000	
574	408	2	0.000000	0.000000	0.000000	0.000000	
575	408	2	0.000000	0.000000	0.000000	0.000000	
576	408	2	0.000000	0.000000	0.000000	0.000000	
577	408	2	0.000000	0.000000	0.000000	0.000000	
578	408	2	0.000000	0.000000	0.000000	0.000000	
579	408	2	0.000000	0.000000	0.000000	0.000000	
580	408	2	0.000000	0.000000	0.000000	0.000000	
581	408	2	0.000000	0.000000	0.000000	0.000000	
582	408	2	0.000000	0.000000	0.000000	0.000000	
583	408	2	0.000000	0.000000	0.000000	0.000000	
584	408	2	0.000000	0.000000	0.000000	0.000000	
585	408	2	0.000000	0.000000	0.000000	0.000000	
586	408	1	0.000000	0.000000	
587	408	1	0.000000	0.000000	
588	408	1	0.000000	0.000000	
602	408	1	0.000000	0.000000	
603	408	1	0.000000	0.000000	
606	408	2	0.000000	0.000000	0.000000	0.000000	
607	408	2	0.000000	0.000000	0.000000	0.000000	
608	408	2	0.000000	0.000000	0.000000	0.000000	
609	408	2	0.000000	0.000000	0.000000	0.000000	
610	408	2	0.000000	0.000000	0.000000	0.000000	
611	408	2	0.000000	0.000000	0.000000	0.000000	
612	408	2	0.000000	0.000000	0.000000	0.000000	
613	408	2	0.000000	0.000000	0.000000	0.000000	
614	408	2	0.000000	0.000000	0.000000	0.000000	
615	408	2	0.000000	0.000000	0.000000	0.000000	
616	408	2	0.000000	0.000000	0.000000	0.000000	
617	408	2	0.000000	0.000000	0.000000	0.000000	
618	408	2	0.000000	0.000000	0.000000	0.000000	
619	408	2	0.000000	0.000000	0.000000	0.000000	
620	408	2	0.000000	0.000000	0.000000	0.000000	
621	408	2	0.000000	0.000000	0.000000	0.000000	
622	408	3	0.000000	0.000000	0.000000	0.000000	0.000000	0.000000	
623	408	3	0.000000	0.000000	0.000000	0.000000	0.000000	0.000000	
624	408	3	0.000000	0.000000	0.000000	0.000000	0.000000	0.000000	
625	408	3	1.490641	3.117351	0.000000	0.000000	0.000000	0.000000	
626	408	2	0.000000	0.000000	0.000000	0.000000	
627	408	2	0.000000	0.000000	0.000000	0.000000	
628	408	2	0.000000	0.000000	0.000000	0.000000	
629	408	1	0.000000	0.000000	
656	408	1	0.000000	0.000000	
657	408	2	0.000000	0.000000	0.320493	-1.171090	
658	408	1	0.000000	0.000000	
667	408	1	0.000000	0.000000	
670	408	2	0.000000	0.000000	0.000000	0.000000	
671	408	3	0.000000	0.000000	0.000000	0.000000	0.000000	0.000000	
672	408	2	0.000000	0.000000	0.000000	0.000000	
673	408	4	0.000000	0.000000	1.115591	1.873680	0.000000	0.000000	0.000000	0.000000	
687	408	1	0.000000	0.000000	
688	408	1	0.000000	0.000000	
689	408	2	0.000000	0.000000	1.107760	-3.094204	
691	408	3	0.000000	0.000000	1.043710	-2.864970	0.935191	-2.671345	
692	408	3	0.000000	0.000000	1.308227	-2.630551	0.986457	-2.605863	
693	408	1	0.000000	0.000000	
694	408	1	0.000000	0.000000	
695	408	1	0.000000	0.000000	
696	408	1	0.000000	0.000000	
698	408	1	1.184786	2.669841	
726	408	1	0.000000	0.000000	
731	408	1	0.000000	0.000000	
557	409	1	0.000000	0.000000	
558	409	1	0.000000	0.000000	
559	409	1	0.000000	0.000000	
568	409	1	0.000000	0.000000	
569	409	1	0.000000	0.000000	
570	409	1	0.000000	0.000000	
571	409	1	0.000000	0.000000	
572	409	1	0.000000	0.000000	
659	409	1	0.000000	0.000000	
660	409	1	1.006645	-2.800637	
669	409	1	0.000000	0.000000	
670	409	2	0.000000	0.000000	0.000000	0.000000	
671	409	1	0.000000	0.000000	
672	409	3	0.000000	0.000000	0.000000	0.000000	0.000000	0.000000	
673	409	1	0.000000	0.000000	
690	409	3	0.000000	0.000000	1.060765	-3.046623	1.341261	-2.703587	
691	409	3	0.000000	0.000000	0.000000	0.000000	0.000000	0.000000	
692	409	3	0.000000	0.000000	0.000000	0.000000	0.000000	0.000000	
693	409	3	0.000000	0.000000	1.307597	-2.751166	0.000000	0.000000	
694	409	1	1.115898	-2.784487	
726	409	1	0.000000	0.000000	
732	409	1	0.000000	0.000000	
733	409	1	0.000000	0.000000	
560	410	1	0.000000	0.000000	
561	410	1	0.000000	0.000000	
562	410	1	0.000000	0.000000	
563	410	1	0.000000	0.000000	
564	410	1	0.000000	0.000000	
565	410	1	0.000000	0.000000	
566	410	1	0.000000	0.000000	
567	410	1	0.000000	0.000000	
568	410	1	0.000000	0.000000	
669	410	1	0.000000	0.000000	
670	410	2	0.988302	2.256527	0.000000	0.000000	
671	410	2	0.000000	0.000000	0.000000	0.000000	
672	410	1	0.000000	0.000000	
689	410	1	0.970238	-2.686042	
690	410	1	0.000000	0.000000	
691	410	4	0.000000	0.000000	1.284200	-2.553781	0.000000	0.000000	0.000000	0.000000	
692	410	4	0.000000	0.000000	1.196034	-2.506192	0.000000	0.000000	0.000000	0.000000	
693	410	2	0.000000	0.000000	0.000000	0.000000	
694	410	2	0.000000	0.000000	0.000000	0.000000	
695	410	3	1.105195	-2.506191	1.025327	-2.572768	0.000000	0.000000	
696	410	2	1.182583	-2.572756	0.000000	0.000000	
726	410	1	0.000000	0.000000	
733	410	1	0.000000	0.000000	
734	410	1	0.000000	0.000000	
669	411	2	0.000000	0.000000	0.000000	0.000000	
670	411	2	0.933046	2.158799	0.000000	0.000000	
671	411	2	0.000000	0.000000	0.610138	1.570796	
672	411	1	0.000000	0.000000	
690	411	1	0.958040	-2.751165	
691	411	1	0.000000	0.000000	
692	411	3	0.000000	0.000000	0.000000	0.000000	0.000000	0.000000	
693	411	4	0.000000	0.000000	1.247512	-2.553781	0.000000	0.000000	0.000000	0.000000	
694	411	2	0.000000	0.000000	0.000000	0.000000	
695	411	1	0.000000	0.000000	
696	411	2	0.000000	0.000000	0.909625	-2.648093	
697	411	3	0.000000	0.000000	1.283243	-2.572768	1.291923	-2.739937	
698	411	1	1.420759	-2.662793	
699	411	1	0.000000	0.000000	
726	411	1	1.054755	-1.524898	
735	411	1	0.000000	0.000000	
736	411	1	0.000000	0.000000	
669	412	1	0.000000	0.000000	
670	412	1	0.000000	0.000000	
671	412	3	0.697180	1.768204	0.000000	0.000000	0.487817	1.735956	
692	412	1	1.215722	-2.763518	
693	412	1	0.000000	0.000000	
694	412	3	0.000000	0.000000	1.336497	-2.572768	0.000000	0.000000	
695	412	3	1.519852	-2.308799	0.000000	0.000000	0.000000	0.000000	
696	412	2	0.000000	0.000000	0.000000	0.000000	
697	412	2	0.000000	0.000000	0.902923	-2.564942	
698	412	3	0.000000	0.000000	1.277080	-2.572768	1.122946	-2.553770	
699	412	2	0.000000	0.000000	1.224814	-2.558781	
700	412	1	0.000000	0.000000	
701	412	1	0.000000	0.000000	
736	412	1	0.000000	0.000000	
669	413	2	0.000000	0.000000	0.000000	0.000000	
670	413	1	0.000000	0.000000	
671	413	1	0.000000	0.000000	
695	413	2	0.000000	0.000000	1.038061	-2.616851	
696	413	2	0.000000	0.000000	1.064047	-2.616863	
697	413	2	0.000000	0.000000	0.000000	0.000000	
698	413	3	1.140955	-2.751166	0.000000	0.000000	0.000000	0.000000	
699	413	2	0.000000	0.000000	1.097395	-2.572768	
700	413	2	0.000000	0.000000	1.218965	-2.558784	
701	413	2	0.000000	0.000000	0.000000	0.000000	
702	413	1	0.000000	0.000000	
703	413	1	0.000000	0.000000	
737	413	1	0.000000	0.000000	
669	414	1	0.000000	0.000000	
670	414	2	0.000000	0.000000	0.000000	0.000000	
695	414	1	0.000000	0.000000	
696	414	2	0.000000	0.000000	0.000000	0.000000	
697	414	2	0.000000	0.000000	1.248929	-2.506192	
698	414	2	1.086151	-2.395543	0.000000	0.000000	
699	414	3	1.110128	-2.572768	0.000000	0.000000	0.000000	0.000000	
700	414	3	2.290620	-2.662783	0.000000	0.000000	0.000000	0.000000	
701	414	1	1.197656	-2.558771	
702	414	2	0.000000	0.000000	1.310432	-2.572768	
703	414	1	1.418975	-2.558793	
738	414	1	1.417130	-2.319907	
669	415	2	0.000000	0.000000	0.000000	0.000000	
670	415	1	0.000000	0.000000	
697	415	2	0.000000	0.000000	1.304018	-2.364308	
698	415	1	1.355804	-2.214738	
699	415	1	1.067069	-2.447439	
700	415	1	0.000000	0.000000	
701	415	3	0.000000	0.000000	0.000000	0.000000	0.000000	0.000000	
702	415	3	1.931663	-2.589336	0.000000	0.000000	0.000000	0.000000	
703	415	3	0.000000	0.000000	1.175411	-2.680863	1.043651	-2.506201	
704	415	2	0.000000	0.000000	1.235313	-2.616851	
669	416	1	0.000000	0.000000	
670	416	1	0.000000	0.000000	
698	416	1	0.000000	0.000000	
699	416	2	0.000000	0.000000	1.324449	-2.248865	
700	416	1	1.086151	-2.395543	
701	416	1	1.069438	-2.616853	
702	416	1	0.000000	0.000000	
703	416	3	0.000000	0.000000	0.000000	0.000000	0.000000	0.000000	
704	416	3	1.360163	-2.703587	0.000000	0.000000	0.000000	0.000000	
705	416	2	0.000000	0.000000	1.290628	-2.558784	
668	417	1	0.000000	0.000000	
669	417	2	0.000000	0.000000	0.000000	0.000000	
699	417	1	1.480622	-2.227885	
700	417	1	0.000000	0.000000	
704	417	3	2.263487	-2.558780	0.000000	0.000000	0.000000	0.000000	
705	417	3	0.000000	0.000000	0.000000	0.000000	0.000000	0.000000	
706	417	2	0.972351	-2.488748	1.131372	-2.564953	
707	417	1	1.270575	-2.506191	
729	417	1	0.000000	0.000000	
730	417	1	0.000000	0.000000	
731	417	1	1.397045	2.937807	
668	418	2	0.000000	0.000000	0.000000	0.000000	
700	418	1	0.000000	0.000000	
701	418	1	0.000000	0.000000	
702	418	1	1.303283	-2.485898	
704	418	1	0.000000	0.000000	
705	418	2	0.000000	0.000000	0.000000	0.000000	
706	418	3	0.965184	-2.506189	0.000000	0.000000	0.000000	0.000000	
707	418	3	0.000000	0.000000	0.000000	0.000000	0.000000	0.000000	
708	418	2	1.173666	-2.751166	0.000000	0.000000	
724	418	1	0.000000	0.000000	
725	418	1	0.000000	0.000000	
726	418	1	0.000000	0.000000	
727	418	1	0.000000	0.000000	
728	418	1	0.000000	0.000000	
668	419	1	0.000000	0.000000	
701	419	1	0.000000	0.000000	
705	419	1	0.000000	0.000000	
706	419	2	1.156454	-2.558771	0.000000	0.000000	
707	419	3	0.000000	0.000000	0.000000	0.000000	0.000000	0.000000	
708	419	3	0.928717	-2.395533	0.000000	0.000000	0.000000	0.000000	
709	419	3	1.133857	-2.827956	0.000000	0.000000	0.000000	0.000000	
710	419	2	1.170491	-2.630550	0.000000	0.000000	
711	419	1	1.202661	-2.680875	
716	419	1	0.000000	0.000000	
717	419	1	0.000000	0.000000	
718	419	1	0.000000	0.000000	
719	419	1	0.000000	0.000000	
720	419	1	0.000000	0.000000	
721	419	1	0.000000	0.000000	
722	419	1	0.000000	0.000000	
723	419	1	0.000000	0.000000	
724	419	1	0.000000	0.000000	
668	420	1	0.000000	0.000000	
701	420	1	1.278438	-2.153207	
707	420	1	0.000000	0.000000	
708	420	2	1.048533	-2.703598	0.000000	0.000000	
709	420	2	0.000000	0.000000	0.000000	0.000000	
710	420	2	0.000000	0.000000	0.000000	0.000000	
711	420	2	1.360638	-2.864963	0.000000	0.000000	
712	420	2	1.220075	-2.827948	0.000000	0.000000	
713	420	1	1.278778	-2.784488	
714	420	1	1.294997	-2.703588	
668	421	1	0.000000	0.000000	
702	421	1	1.302728	-2.153207	
709	421	2	1.015397	-2.724867	0.000000	0.000000	
710	421	3	0.847009	-2.630549	0.000000	0.000000	0.000000	0.000000	
711	421	1	0.000000	0.000000	
712	421	1	0.000000	0.000000	
713	421	1	0.000000	0.000000	
714	421	2	1.430664	-3.025341	0.000000	0.000000	
715	421	1	1.189979	-3.000128	
716	421	1	1.364772	-2.784497	
717	421	1	1.238238	-2.864970	
667	422	1	0.000000	0.000000	
668	422	1	0.000000	0.000000	
701	422	1	0.000000	0.000000	
702	422	1	1.360865	-2.227885	
703	422	2	0.000000	0.000000	1.353962	-2.184440	
704	422	1	0.000000	0.000000	
705	422	1	0.000000	0.000000	
710	422	1	0.966926	-2.792246	
711	422	3	1.193353	-2.792247	0.000000	0.000000	0.000000	0.000000	
712	422	2	1.067456	-2.827942	0.000000	0.000000	
713	422	1	0.000000	0.000000	
714	422	1	0.000000	0.000000	
715	422	2	0.000000	0.000000	0.000000	0.000000	
716	422	2	1.206878	-3.094205	0.000000	0.000000	
717	422	2	1.272881	-2.911093	0.000000	0.000000	
718	422	2	1.363764	-3.000142	0.000000	0.000000	
719	422	1	1.314557	3.091256	
720	422	1	1.384493	-2.911080	
721	422	1	1.568343	-3.025342	
722	422	1	1.360693	-3.000142	
723	422	1	1.335719	-2.911087	
666	423	1	0.000000	0.000000	
701	423	1	0.000000	0.000000	
702	423	1	0.000000	0.000000	
703	423	1	1.273730	-2.184447	
704	423	1	1.371569	-2.125696	
705	423	2	0.000000	0.000000	0.000000	0.000000	
706	423	2	0.000000	0.000000	0.000000	0.000000	
707	423	1	0.000000	0.000000	
711	423	1	0.000000	0.000000	
712	423	2	0.000000	0.000000	0.000000	0.000000	
713	423	2	1.064449	-2.784497	0.000000	0.000000	
714	423	2	0.943172	-2.911095	0.000000	0.000000	
715	423	3	0.000000	0.000000	2.047278	-2.859188	0.000000	0.000000	
716	423	1	0.000000	0.000000	
717	423	2	0.000000	0.000000	1.152007	-3.000127	
718	423	2	1.091473	-3.000128	0.000000	0.000000	
719	423	1	0.000000	0.000000	
720	423	1	0.000000	0.000000	
721	423	1	0.000000	0.000000	
722	423	1	1.490662	-3.094203	
723	423	1	1.362842	-3.000141	
724	423	1	1.245369	-3.000142	
725	423	1	1.334376	-2.827943	
726	423	1	1.288600	-2.942820	
727	423	1	1.527362	-2.439642	
666	424	1	0.000000	0.000000	
703	424	1	0.000000	0.000000	
704	424	1	0.000000	0.000000	
707	424	2	0.000000	0.000000	0.000000	0.000000	
708	424	2	0.000000	0.000000	0.000000	0.000000	
711	424	1	0.000000	0.000000	
712	424	1	0.000000	0.000000	
713	424	1	0.000000	0.000000	
715	424	2	2.063490	-2.993095	0.000000	0.000000	
716	424	2	2.502452	-2.942819	0.000000	0.000000	
717	424	1	1.219783	-3.000141	
718	424	2	0.000000	0.000000	1.469103	-3.094202	
719	424	2	0.000000	0.000000	1.054021	-3.094203	
720	424	2	0.000000	0.000000	1.137131	2.991591	
721	424	2	1.434049	-3.025328	0.000000	0.000000	
722	424	2	2.344010	-2.458614	0.000000	0.000000	
723	424	1	0.000000	0.000000	
725	424	1	0.000000	0.000000	
726	424	1	1.351643	-2.911073	
727	424	2	1.192236	-2.703586	1.231244	-2.784497	
728	424	2	1.407956	-2.439631	1.080002	-2.911088	
729	424	2	1.346296	-2.630550	1.181395	-2.827956	
667	425	1	0.000000	0.000000	
704	425	1	0.000000	0.000000	
705	425	2	0.000000	0.000000	0.000000	0.000000	
708	425	1	0.000000	0.000000	
709	425	2	0.000000	0.000000	0.000000	0.000000	
710	425	1	0.000000	0.000000	
712	425	1	0.000000	0.000000	
713	425	1	0.000000	0.000000	
717	425	1	1.858786	-2.616863	
721	425	1	0.000000	0.000000	
722	425	1	0.000000	0.000000	
723	425	1	0.000000	0.000000	
724	425	3	0.000000	0.000000	0.000000	0.000000	0.000000	0.000000	
725	425	2	0.000000	0.000000	0.000000	0.000000	
726	425	1	0.000000	0.000000	
729	425	2	1.270470	-2.572740	0.992711	-2.648078	
730	425	2	1.189236	-2.703587	1.006894	-2.751178	
731	425	2	1.354004	-2.703587	0.904544	-3.094189	
705	426	1	0.000000	0.000000	
706	426	2	0.000000	0.000000	1.379712	-2.153207	
707	426	1	0.000000	0.000000	
710	426	2	0.000000	0.000000	0.000000	0.000000	
711	426	2	0.000000	0.000000	0.000000	0.000000	
712	426	1	0.000000	0.000000	
713	426	1	0.000000	0.000000	
714	426	1	0.000000	0.000000	
715	426	1	0.000000	0.000000	
725	426	1	0.000000	0.000000	
726	426	1	0.000000	0.000000	
727	426	3	0.000000	0.000000	0.000000	0.000000	0.000000	0.000000	
728	426	2	0.000000	0.000000	0.000000	0.000000	
729	426	1	0.000000	0.000000	
731	426	2	1.266188	-2.572768	1.272010	-2.572753	
706	427	1	1.468814	-2.272455	
707	427	1	0.000000	0.000000	
708	427	1	0.000000	0.000000	
711	427	1	0.000000	0.000000	
712	427	2	0.000000	0.000000	0.000000	0.000000	
713	427	2	0.000000	0.000000	0.000000	0.000000	
715	427	1	0.000000	0.000000	
716	427	1	0.000000	0.000000	
726	427	1	0.000000	0.000000	
727	427	1	0.000000	0.000000	
729	427	2	0.000000	0.000000	0.000000	0.000000	
730	427	2	0.000000	0.000000	1.261583	-2.625619	
731	427	1	0.000000	0.000000	
707	428	1	1.379712	-2.153207	
709	428	1	0.000000	0.000000	
710	428	1	0.000000	0.000000	
712	428	1	0.000000	0.000000	
713	428	2	0.000000	0.000000	0.000000	0.000000	
714	428	2	0.000000	0.000000	0.000000	0.000000	
716	428	1	0.000000	0.000000	
717	428	1	0.000000	0.000000	
726	428	1	0.000000	0.000000	
732	428	1	0.000000	0.000000	
733	428	1	0.000000	0.000000	
708	429	1	1.580756	-2.184450	
711	429	1	0.000000	0.000000	
712	429	1	0.000000	0.000000	
714	429	3	0.000000	0.000000	0.000000	0.000000	0.000000	0.000000	
715	429	2	0.000000	0.000000	0.000000	0.000000	
717	429	1	0.000000	0.000000	
718	429	1	0.000000	0.000000	
726	429	1	0.000000	0.000000	
733	429	1	1.367270	-2.537010	
708	430	1	1.459011	-2.125696	
712	430	1	0.000000	0.000000	
713	430	1	0.000000	0.000000	
714	430	2	0.000000	0.000000	0.000000	0.000000	
715	430	4	0.000000	0.000000	0.000000	0.000000	0.000000	0.000000	0.000000	0.000000	
716	430	1	0.000000	0.000000	
718	430	1	0.000000	0.000000	
719	430	1	1.658180	-2.439624	
726	430	1	0.000000	0.000000	
136	431	1	1.019165	-2.002634	
137	431	1	1.131316	-1.952318	
709	431	1	1.355411	-2.153189	
714	431	1	0.000000	0.000000	
715	431	3	0.000000	0.000000	0.000000	0.000000	0.000000	0.000000	
716	431	2	0.000000	0.000000	0.000000	0.000000	
726	431	1	0.000000	0.000000	
137	432	1	1.205966	-2.068236	
138	432	1	1.054791	-2.016332	
141	432	2	0.928323	-1.848693	1.126849	-1.607848	
142	432	2	1.045432	-2.268893	1.098855	-1.768219	
715	432	3	0.000000	0.000000	0.000000	0.000000	0.000000	0.000000	
716	432	4	0.000000	0.000000	0.000000	0.000000	0.000000	0.000000	0.000000	0.000000	
717	432	2	0.000000	0.000000	0.000000	0.000000	
726	432	1	0.000000	0.000000	
137	433	1	1.420472	-2.185751	
138	433	2	1.236204	-1.985094	1.254543	-2.193552	
139	433	1	0.000000	0.000000	
141	433	3	1.024787	-2.371970	1.157490	-2.126985	1.105096	-1.805238	
142	433	1	1.244592	-2.620938	
716	433	3	0.000000	0.000000	0.000000	0.000000	0.000000	0.000000	
717	433	3	0.000000	0.000000	0.000000	0.000000	0.000000	0.000000	
718	433	1	0.000000	0.000000	
726	433	1	0.000000	0.000000	
135	434	1	0.000000	0.000000	
136	434	1	0.000000	0.000000	
137	434	1	1.383292	-2.563628	
138	434	1	1.276316	-2.126991	
139	434	1	1.239530	-2.079407	
140	434	1	0.000000	0.000000	
141	434	1	1.281018	-1.970388	
142	434	2	1.293259	-2.714997	1.218785	-2.016337	
143	434	1	1.311383	-3.003045	
144	434	1	1.359189	-2.912388	
145	434	1	1.418087	-2.812722	
716	434	1	0.000000	0.000000	
717	434	3	0.000000	0.000000	0.000000	0.000000	0.000000	0.000000	
718	434	2	0.000000	0.000000	0.000000	0.000000	
726	434	1	0.000000	0.000000	
135	435	3	1.219382	-2.301665	0.000000	0.000000	1.246693	-2.251350	
136	435	1	1.914618	-2.126996	
137	435	1	0.000000	0.000000	
139	435	2	1.170742	-2.079407	1.270201	-2.068231	
140	435	2	0.000000	0.000000	1.225427	-2.060419	
141	435	1	1.568013	-2.083534	
142	435	2	1.280318	-2.074408	1.666004	-2.002634	
143	435	1	1.419142	-2.027323	
145	435	1	1.716600	-3.109777	
146	435	1	1.418087	-2.812722	
147	435	1	1.607718	-3.109777	
148	435	1	1.524947	3.079336	
717	435	3	0.000000	0.000000	0.000000	0.000000	0.000000	0.000000	
718	435	3	0.000000	0.000000	0.000000	0.000000	0.000000	0.000000	
719	435	1	0.000000	0.000000	
726	435	1	0.000000	0.000000	
134	436	3	0.892264	-2.714984	1.107746	-2.590635	1.364230	-2.715000	
135	436	8	1.877127	-2.448740	0.000000	0.000000	1.347611	-2.485762	0.992475	2.944169	0.000000	0.000000	1.406419	-2.413045	1.661318	-2.563628	1.266487	-2.590645	
136	436	6	1.255691	-2.060419	0.923236	3.125814	0.000000	0.000000	1.604082	-2.448740	1.498939	-2.413045	1.055766	-2.193557	
137	436	2	0.896013	3.110193	0.000000	0.000000	
138	436	1	0.000000	0.000000	
139	436	2	0.000000	0.000000	1.120163	-2.448740	
140	436	2	1.318116	-2.126985	0.000000	0.000000	
141	436	2	0.000000	0.000000	0.880249	-2.193559	
142	436	1	0.000000	0.000000	
143	436	1	1.409169	-2.027319	
717	436	1	0.000000	0.000000	
718	436	2	0.000000	0.000000	0.000000	0.000000	
719	436	3	0.000000	0.000000	0.000000	0.000000	0.000000	0.000000	
720	436	1	0.000000	0.000000	
726	436	1	0.000000	0.000000	
134	437	1	0.966966	-3.012053	
135	437	1	0.000000	0.000000	
136	437	4	1.411891	-2.413041	0.000000	0.000000	1.417555	-2.268893	1.022848	-2.405291	
137	437	7	1.518009	-2.448740	1.247344	-2.448744	0.997258	-2.251341	0.000000	0.000000	1.743282	-2.251350	1.568585	-2.268893	1.149201	-2.384309	
138	437	1	0.000000	0.000000	
139	437	1	1.244296	-2.413041	
140	437	1	1.416816	-2.251342	
141	437	2	0.000000	0.000000	1.332338	-2.193566	
142	437	2	0.000000	0.000000	1.002058	-1.929596	
143	437	2	1.288103	-2.126990	0.000000	0.000000	
717	437	1	0.000000	0.000000	
719	437	4	0.000000	0.000000	0.000000	0.000000	0.000000	0.000000	0.000000	0.000000	
720	437	2	0.000000	0.000000	0.000000	0.000000	
726	437	1	0.000000	0.000000	
137	438	5	1.405542	-2.193557	1.300077	-2.185751	1.255691	-2.060419	1.350688	-2.324384	1.295137	-2.620926	
138	438	5	1.483097	-2.283598	1.461627	-2.237650	1.198129	-2.345656	1.624191	-2.405290	1.213724	-2.399999	
141	438	2	1.320383	-2.193566	1.335392	-2.193566	
142	438	2	0.000000	0.000000	1.076874	-1.985094	
143	438	2	1.203902	-2.068237	1.577434	-1.985087	
144	438	1	1.431840	-2.079412	
718	438	1	0.000000	0.000000	
719	438	2	0.000000	0.000000	0.000000	0.000000	
720	438	2	0.000000	0.000000	0.000000	0.000000	
721	438	1	0.000000	0.000000	
726	438	1	0.000000	0.000000	
138	439	6	1.430588	-2.324389	1.427566	-2.193559	0.997258	-2.251341	1.542856	-2.448740	1.570902	-2.268893	1.220893	-2.393240	
139	439	5	1.815187	-2.237656	1.464376	-2.531879	1.583326	-2.553613	1.520793	-2.371974	1.191247	-2.324389	
142	439	2	1.515130	-2.185744	1.405557	-2.193565	
143	439	2	1.671727	-2.126985	1.285190	-2.126992	
144	439	2	1.504624	-2.126988	1.487139	-2.079412	
145	439	1	0.000000	0.000000	
718	439	1	0.000000	0.000000	
719	439	2	0.000000	0.000000	0.000000	0.000000	
720	439	2	0.000000	0.000000	0.000000	0.000000	
721	439	1	0.000000	0.000000	
726	439	1	0.000000	0.000000	
139	440	4	1.442512	-2.301656	0.986684	-2.251350	1.482590	-2.268893	0.000000	0.000000	
140	440	6	1.408790	-2.301656	1.530560	-2.193551	1.739815	-2.590635	1.496912	-2.448740	1.342598	-2.268884	0.000000	0.000000	
141	440	1	0.000000	0.000000	
142	440	1	1.271999	-2.126991	
143	440	3	0.000000	0.000000	1.457362	-2.193560	1.158371	-2.193560	
144	440	3	1.739861	-2.237648	1.292657	-2.324379	1.523744	-2.193566	
145	440	1	0.000000	0.000000	
718	440	1	0.000000	0.000000	
719	440	2	0.000000	0.000000	0.000000	0.000000	
720	440	2	0.000000	0.000000	0.000000	0.000000	
721	440	1	0.000000	0.000000	
726	440	1	0.000000	0.000000	
140	441	4	1.333466	-2.251350	1.465235	-2.060426	1.492982	-2.185744	0.000000	0.000000	
141	441	4	1.578139	-2.268893	1.344230	-2.193560	1.461666	-2.268893	1.327079	-2.371970	
142	441	1	0.000000	0.000000	
143	441	2	1.501985	-2.371970	1.272558	-2.060427	
144	441	2	0.000000	0.000000	1.533394	-2.301656	
145	441	1	1.538996	-2.126989	
146	441	1	1.343183	-1.805244	
719	441	1	0.000000	0.000000	
720	441	4	0.000000	0.000000	0.000000	0.000000	0.000000	0.000000	0.000000	0.000000	
721	441	2	0.000000	0.000000	0.000000	0.000000	
722	441	1	0.000000	0.000000	
725	441	1	0.000000	0.000000	
140	442	1	1.489857	-2.413036	
141	442	5	1.649636	-2.193566	1.625460	-2.185751	1.952766	-2.613889	1.593652	-2.193566	1.654121	-2.448740	
142	442	5	1.675352	-2.193560	1.769925	-2.126991	0.000000	0.000000	1.650670	-2.268884	1.414726	-2.268893	
143	442	2	1.485516	-2.179578	1.239121	-2.268893	
144	442	2	0.000000	0.000000	1.427261	-2.060419	
145	442	2	0.000000	0.000000	1.550545	-2.268894	
146	442	2	1.469247	-1.708771	1.533249	-2.174575	
719	442	1	0.000000	0.000000	
720	442	3	0.000000	0.000000	0.905050	-1.626440	0.000000	0.000000	
721	442	1	0.000000	0.000000	
722	442	1	0.000000	0.000000	
724	442	1	0.000000	0.000000	
725	442	1	0.000000	0.000000	
141	443	2	1.541154	-2.251342	1.498902	-2.268893	
142	443	5	1.525742	-2.268877	1.644866	-2.060427	1.478420	-2.405291	1.464521	-2.193566	1.255354	-2.448739	
143	443	3	0.000000	0.000000	1.508056	-2.185747	1.202189	-2.185739	
144	443	3	1.237921	-2.301665	1.441013	-2.268893	1.644785	-2.126993	
145	443	2	1.512275	-2.301656	1.469448	-2.324389	
146	443	3	1.613756	-2.185751	1.484579	-2.324389	1.525631	-2.268884	
147	443	1	1.322620	-1.663344	
719	443	1	0.000000	0.000000	
720	443	2	0.000000	0.000000	0.000000	0.000000	
721	443	1	0.000000	0.000000	
722	443	1	0.000000	0.000000	
724	443	1	1.184767	-1.006203	
142	444	1	1.671885	-2.324389	
143	444	3	1.620565	-2.193560	1.458301	-2.301665	1.383073	-2.413045	
144	444	3	0.000000	0.000000	1.760714	-2.268893	1.399078	-2.268894	
145	444	3	0.000000	0.000000	0.000000	0.000000	1.332507	-2.060426	
146	444	2	0.000000	0.000000	1.366515	-2.324389	
147	444	4	1.475772	-1.684614	0.000000	0.000000	1.320258	-2.324379	1.489681	-2.126989	
720	444	3	0.000000	0.000000	0.000000	0.000000	0.000000	0.000000	
721	444	1	1.158128	-1.791590	
722	444	1	0.000000	0.000000	
143	445	2	1.618801	-2.251341	1.525924	-2.193560	
144	445	4	1.447038	-2.324388	1.756956	-2.126991	1.503398	-2.324383	1.238277	-2.268877	
145	445	4	1.869883	-2.485762	1.344028	-2.002634	1.591801	-2.193560	1.138169	-2.268893	
146	445	1	1.403651	-2.068232	
147	445	4	1.569283	-1.805239	0.000000	0.000000	0.000000	0.000000	1.297084	-2.193566	
148	445	2	1.190165	-2.324389	1.393741	-2.016332	
720	445	3	0.000000	0.000000	1.402179	-1.710689	0.000000	0.000000	
722	445	1	0.000000	0.000000	
143	446	1	1.769945	-2.251349	
144	446	3	1.418671	-2.283598	1.870158	-2.126991	1.781422	-2.126985	
145	446	3	1.651454	-2.324389	1.775133	-2.193565	1.330097	-2.193552	
146	446	4	0.000000	0.000000	1.604317	-2.179576	1.740367	-2.126985	1.298555	-2.193565	
147	446	1	0.000000	0.000000	
148	446	4	1.388639	-2.324390	0.000000	0.000000	1.276069	-2.324389	1.202759	-2.050217	
149	446	1	1.141655	-2.251345	
720	446	2	0.000000	0.000000	0.000000	0.000000	
721	446	1	0.000000	0.000000	
144	447	1	1.797219	-2.268893	
145	447	3	1.656372	-2.268877	1.511758	-2.185740	1.896284	-2.126985	
146	447	4	1.534883	-2.324389	1.569541	-2.268893	1.592966	-2.268893	1.224934	-2.126996	
147	447	5	1.394887	-1.869670	0.000000	0.000000	1.315048	-2.060427	1.476343	-2.060426	1.277578	-2.126998	
149	447	4	1.449113	-2.324389	0.000000	0.000000	1.050250	-2.371969	1.227827	-2.079407	
150	447	1	1.124293	-2.324385	
720	447	1	1.381821	-1.572915	
721	447	2	0.000000	0.000000	0.000000	0.000000	
145	448	2	1.508587	-2.193551	1.340856	-2.324389	
146	448	3	1.551666	-2.324389	1.287367	-2.193566	1.343075	-2.324383	
147	448	5	1.466397	-2.324388	1.872669	-1.768219	1.132886	-2.283598	1.512428	-2.126998	1.262411	-2.126999	
148	448	2	0.000000	0.000000	1.340910	-2.185744	
149	448	2	0.000000	0.000000	0.000000	0.000000	
150	448	3	0.000000	0.000000	0.000000	0.000000	1.195580	-2.413045	
151	448	1	1.157179	-2.371969	
721	448	1	1.269648	-1.901153	
146	449	2	1.284328	-2.268878	1.266442	-2.193560	
147	449	3	1.476704	-2.405291	1.309618	-2.185751	1.644419	-2.060419	
148	449	6	1.208394	-2.413044	1.569489	-1.805239	0.000000	0.000000	1.377119	-2.268893	1.547985	-2.060419	1.225469	-2.193551	
150	449	2	0.000000	0.000000	0.000000	0.000000	
151	449	2	1.449113	-2.324389	0.000000	0.000000	
146	450	1	1.482026	-2.251349	
147	450	2	1.318299	-2.193556	1.299103	-2.371970	
148	450	6	1.466397	-2.324388	1.210090	-2.193565	0.000000	0.000000	0.809846	-1.538988	1.416122	-2.126998	1.329960	-2.068232	
149	450	3	1.333935	-2.448740	1.340910	-2.185744	1.262411	-2.126999	
150	450	1	1.227827	-2.079407	
151	450	3	1.589487	-2.185744	0.000000	0.000000	1.198606	-2.126993	
152	450	1	1.105029	-2.237650	
147	451	1	1.251456	-2.268893	
148	451	4	1.195507	-2.193560	0.000000	0.000000	1.644419	-2.060419	1.400070	-2.193565	
149	451	5	1.383202	-2.237650	1.376085	-2.074409	1.377119	-2.268893	1.525627	-2.193560	1.204720	-2.185740	
150	451	2	1.322291	-2.448740	1.284817	-2.251350	
151	451	1	1.191962	-2.126990	
152	451	1	1.121943	-2.179577	
148	452	2	1.182652	-2.193566	1.202843	-2.185744	
149	452	3	1.431945	-2.251336	1.291805	-2.324389	1.140979	-2.126998	
150	452	1	1.247992	-2.060419	