696
741	389	1	1.167330	2.383597	
739	391	1	1.203458	2.368891	
737	393	1	1.126390	2.279570	
735	395	1	1.274458	2.460736	
661	396	1	1.497207	3.041934	
663	396	1	1.533435	3.141593	
665	396	1	1.339898	0.099675	
667	396	1	1.737942	0.165161	
674	396	1	1.309084	3.141593	
676	396	1	1.568961	3.041933	
678	396	1	1.413913	3.141593	
680	396	1	1.699663	3.141593	
682	396	1	1.566958	3.141593	
684	396	1	1.408929	0.000015	
686	396	1	1.574419	3.141593	
688	396	1	1.397376	3.141593	
690	396	1	1.305985	2.966917	
692	396	1	1.185571	2.999712	
694	396	1	1.276944	0.000000	
699	396	1	1.285932	0.079835	
700	396	1	1.571420	2.819857	
701	396	1	1.760829	2.896649	
702	396	2	1.394404	2.976460	1.413825	0.000000	
703	396	1	1.982201	0.000000	
704	396	1	1.961544	0.000000	
705	396	1	1.440266	0.000000	
706	396	1	1.269464	0.000000	
707	396	1	1.472669	0.000000	
708	396	2	2.089822	0.000000	1.820840	3.058453	
709	396	1	1.714054	0.000000	
710	396	1	1.610634	0.000021	
711	396	1	1.838499	0.000000	
712	396	1	1.418003	0.000000	
713	396	1	1.258661	0.000000	
714	396	1	2.070864	0.000000	
715	396	1	1.688084	0.244996	
716	396	1	1.523914	0.000000	
670	397	1	1.283052	3.030928	
671	397	1	1.587434	3.050941	
687	397	1	2.000716	1.997427	
693	397	1	2.211618	2.677945	
694	397	2	2.158247	2.896614	1.747320	3.141593	
695	397	1	1.555580	0.321781	
696	397	2	1.978259	0.000000	1.339204	3.141593	
697	397	1	1.428161	2.819857	
698	397	2	2.078299	0.000000	1.566261	0.000014	
699	397	1	2.151995	2.896614	
700	397	1	1.574965	0.099660	
702	397	1	1.527456	0.099675	
703	397	1	0.928517	0.165165	
704	397	1	1.541704	0.099675	
708	397	1	0.549559	2.158822	
713	397	1	1.545764	2.988955	
715	397	1	1.257436	3.041918	
733	397	2	0.969971	2.471972	1.340258	2.631880	
602	398	1	1.482822	3.132390	
607	398	1	1.416615	0.064734	
611	398	1	0.732229	0.340959	
613	398	1	1.325410	0.226342	
631	398	1	0.931698	3.102041	
635	398	1	1.062668	0.129861	
690	398	1	1.516715	2.944214	
691	398	1	1.404997	2.944216	
692	398	1	1.632770	2.819809	
702	398	1	1.479717	2.944214	
703	398	1	1.713454	0.165165	
704	398	1	1.242781	3.041918	
706	398	1	1.137926	0.244979	
707	398	1	1.606702	2.819835	
708	398	1	1.514419	0.179850	
709	398	1	1.647379	2.988948	
711	398	2	1.351505	0.380501	1.159921	2.922925	
712	398	1	1.351505	0.380501	
721	398	1	1.142912	3.012385	
728	398	1	0.903055	2.588327	
729	398	1	1.424726	2.841458	
731	398	1	1.098137	2.948884	
732	398	1	1.152080	2.713895	
609	399	1	0.606744	2.980936	
618	399	1	1.382015	0.143445	
622	399	1	1.252105	3.092720	
684	399	1	1.447355	2.922925	
685	399	1	1.744045	2.819850	
686	399	2	2.141950	0.244943	1.437185	2.922933	
687	399	1	1.571170	2.819887	
688	399	1	1.777892	2.976460	
689	399	1	1.407775	2.944186	
700	399	1	1.468874	2.792828	
706	399	1	1.412730	2.938548	
707	399	1	1.337276	2.949962	
710	399	2	1.510417	2.930501	1.191980	3.078957	
712	399	1	1.228112	3.012392	
713	399	2	1.388885	2.914801	1.336343	3.060665	
715	399	2	1.388125	0.071312	1.196017	0.012688	
717	399	1	1.336343	3.060665	
719	399	1	1.333980	0.056148	
721	399	1	1.310762	0.060183	
724	399	1	1.325007	0.131399	
725	399	1	1.358112	3.060665	
727	399	1	1.114088	0.097597	
729	399	1	1.102167	2.935618	
730	399	1	1.269603	3.074811	
731	399	1	1.002474	2.285746	
563	400	1	1.326750	0.226340	
616	400	1	1.003075	2.986122	
623	400	1	1.504583	0.194816	
645	400	1	0.863990	3.127475	
651	400	1	1.012063	0.019200	
655	400	1	1.012063	0.019200	
682	400	2	1.194584	2.553579	1.447355	2.922925	
683	400	1	2.362182	2.819887	
684	400	1	1.478023	2.677945	
695	400	1	1.412018	3.046643	
697	400	1	1.368551	3.050940	
698	400	1	1.431470	2.677945	
699	400	1	1.178478	2.498116	
700	400	2	1.631444	3.058460	0.889260	2.964808	
704	400	1	1.535756	3.067888	
705	400	1	1.334820	2.976448	
707	400	1	1.208175	3.058458	
709	400	1	0.673614	2.761091	
710	400	1	0.876080	0.000000	
711	400	1	0.659416	0.000000	
712	400	1	1.048374	2.896632	
713	400	1	0.784418	0.321751	
714	400	1	1.255722	0.000000	
715	400	1	0.873111	0.321751	
716	400	1	0.784856	0.165157	
724	400	1	1.244057	2.941078	
726	400	1	0.853834	2.562003	
728	400	1	0.652787	1.910959	
568	401	1	1.521431	0.059656	
629	401	1	1.331312	0.312548	
671	401	1	0.944215	1.329398	
680	401	1	2.378695	2.553579	
681	401	1	1.834110	0.000000	
682	401	1	2.245226	2.819857	
686	401	1	1.091255	2.785592	
689	401	1	1.608946	2.988948	
691	401	2	1.317554	2.922925	1.082720	3.092219	
695	401	1	1.193762	2.961743	
696	401	3	1.075959	2.819857	1.477594	2.601169	0.948526	3.057810	
697	401	3	0.833325	2.761091	1.447612	2.601169	1.155636	3.050925	
698	401	1	0.835391	0.000000	
699	401	1	0.902650	0.000000	
700	401	2	0.617889	0.000000	1.593274	3.009053	
701	401	1	0.839624	0.000000	
702	401	2	0.839938	0.000000	1.173635	0.000000	
703	401	1	1.169730	0.000000	
704	401	1	0.555689	0.000038	
705	401	1	0.716358	0.000000	
706	401	1	0.719450	0.000000	
707	401	1	0.658802	0.000000	
708	401	1	0.704883	0.000000	
721	401	1	1.064004	2.767416	
724	401	1	0.904585	2.588330	
729	401	1	1.226211	2.484327	
574	402	1	1.409431	0.097531	
580	402	1	1.450544	2.934993	
679	402	1	1.310347	2.446859	
680	402	2	1.397212	2.634491	1.380180	2.642243	
681	402	1	1.514634	2.677957	
682	402	1	1.338258	0.083145	
683	402	1	1.180057	3.030928	
684	402	2	1.270468	2.303625	1.126790	2.822399	
685	402	2	1.653155	3.058458	1.368232	2.988944	
686	402	1	0.974914	2.863302	
688	402	1	1.398480	0.000000	
690	402	1	1.450946	2.988944	
693	402	2	0.747433	2.677945	1.351385	0.000012	
694	402	1	0.992441	0.000000	
695	402	1	0.966058	2.601192	
696	402	2	0.856904	2.944186	1.133197	2.896632	
719	402	1	1.228623	2.870484	
722	402	1	0.977681	2.806985	
727	402	1	0.975104	1.723080	
634	403	1	1.331312	0.312548	
677	403	1	1.404754	2.356219	
678	403	2	1.568497	2.819887	1.374080	2.574868	
679	403	1	1.459989	2.761079	
680	403	1	1.277623	2.976444	
682	403	1	1.297432	2.976448	
685	403	1	1.297432	2.976448	
690	403	1	0.951545	3.017247	
691	403	1	0.661253	2.553625	
692	403	3	1.018755	2.976434	1.277061	2.850133	1.722775	3.041925	
693	403	1	0.915664	2.896623	
694	403	1	1.579927	2.601181	
712	403	1	1.190980	0.147911	
713	403	2	1.149630	2.785593	1.162422	0.575147	
716	403	1	1.260816	2.879836	
719	403	1	0.977681	2.806985	
727	403	1	1.316934	2.406836	
728	403	1	0.942894	1.017537	
462	404	1	1.431683	0.164752	
486	404	1	1.106455	3.000926	
489	404	1	1.494297	3.061036	
490	404	1	1.106455	3.000926	
493	404	1	1.306815	3.035395	
503	404	2	1.151342	3.035403	1.267623	3.035400	
504	404	1	1.470639	3.112170	
506	404	1	1.162132	2.938924	
507	404	1	1.245030	3.005100	
600	404	1	1.894123	0.019188	
601	404	2	1.473337	3.125096	1.540860	3.115441	
602	404	1	1.476624	0.019204	
607	404	1	1.465170	0.019204	
612	404	1	1.428204	0.057650	
621	404	1	1.112399	0.372191	
629	404	1	1.316696	0.151754	
647	404	1	0.988158	2.944214	
648	404	1	1.264056	0.000000	
649	404	1	1.032043	0.000000	
651	404	1	0.940575	2.677945	
652	404	1	1.055452	2.976436	
660	404	1	1.857484	3.032475	
664	404	1	1.202279	0.540424	
667	404	1	1.290587	0.019199	
669	404	1	1.239068	3.058447	
672	404	1	0.705518	1.589999	
674	404	1	0.873559	3.098145	
675	404	2	1.779574	2.553579	1.241467	2.863296	
676	404	2	1.418051	2.819842	1.606578	2.677945	
677	404	4	1.194338	2.553626	1.322987	2.634519	1.242489	0.090665	1.212675	2.976460	
679	404	2	1.190936	3.098145	1.083042	2.767425	
680	404	2	1.090895	3.141593	1.023335	2.944200	
682	404	2	1.329094	0.083148	1.270468	2.303625	
683	404	1	0.742384	2.896632	
684	404	2	1.351903	0.321751	1.787450	2.984996	
685	404	2	1.024896	2.819811	1.389752	2.976460	
686	404	3	0.748144	0.000000	1.604973	2.819850	0.757469	2.582987	
687	404	1	0.883264	0.000000	
688	404	4	0.914139	0.000000	1.492406	0.165132	1.232924	2.961744	1.722775	3.041925	
689	404	2	0.900399	2.761091	1.300043	2.930507	
690	404	1	1.156209	0.000000	
691	404	1	1.205595	0.090665	
693	404	1	1.437887	0.165149	
697	404	1	1.226325	0.090651	
708	404	1	1.202000	3.050941	
710	404	1	1.202000	3.050941	
711	404	1	1.205763	2.713886	
715	404	1	0.899231	0.285649	
718	404	1	0.587002	0.092031	
467	405	1	1.374974	0.145494	
480	405	1	1.359463	3.118542	
482	405	1	1.012225	2.924742	
483	405	1	1.530671	2.962357	
484	405	1	1.298917	3.064801	
487	405	1	1.267259	3.094151	
488	405	1	1.273041	3.126060	
489	405	1	1.210495	3.097818	
490	405	2	1.216003	3.067644	1.273264	0.010911	
493	405	2	1.338859	3.120902	1.210467	3.065687	
494	405	1	1.216003	3.067644	
495	405	1	1.209526	0.053718	
496	405	1	1.244500	3.065688	
498	405	1	1.133457	3.067645	
499	405	2	1.268093	0.018162	1.457143	3.087983	
501	405	3	1.623609	2.940446	1.195409	3.097818	0.967353	0.166821	
502	405	1	1.211916	0.026356	
505	405	3	1.486098	3.048386	1.457143	3.087983	1.195700	0.018161	
506	405	1	1.211916	0.026356	
507	405	1	1.115073	0.064538	
510	405	2	1.311639	3.120902	1.120210	0.026356	
590	405	1	1.545549	2.961652	
596	405	1	1.578315	0.019204	
599	405	1	1.248336	0.071783	
600	405	1	1.552538	0.019208	
601	405	1	1.569566	0.095971	
602	405	1	1.141346	3.061127	
603	405	1	1.248336	0.071783	
605	405	1	1.552538	0.019208	
606	405	3	0.811501	1.345009	1.420483	3.115378	1.456316	0.019204	
607	405	3	1.084259	0.019210	1.526520	0.019203	1.417300	0.137875	
610	405	3	1.608172	0.019203	1.051000	0.019200	1.420483	3.115378	
611	405	1	1.367001	0.019202	
612	405	1	1.558952	0.019209	
613	405	1	1.565225	3.132388	
614	405	1	1.266147	0.118875	
615	405	2	1.512650	0.019201	1.368967	0.019199	
616	405	1	1.501361	0.019205	
617	405	2	1.407482	3.119148	1.459865	0.019204	
618	405	1	1.257501	3.110834	
619	405	1	1.282479	0.066786	
621	405	2	1.572776	3.122356	1.494033	0.028818	
622	405	2	1.142396	0.019202	1.455037	0.095971	
624	405	1	1.540807	3.119155	
625	405	2	1.188557	3.105299	1.304589	3.025266	
627	405	1	1.645453	0.054903	
628	405	1	1.412266	0.059185	
629	405	1	1.131112	0.019202	
630	405	1	0.931678	0.077962	
632	405	1	1.444624	3.031092	
633	405	1	0.956639	0.019203	
635	405	1	1.681755	3.084023	
636	405	1	1.015873	3.130955	
637	405	2	1.379934	3.115372	1.304411	3.117352	
639	405	2	1.316625	0.000013	0.976497	0.019205	
641	405	2	0.994613	0.099675	1.387036	3.141593	
642	405	2	1.061988	3.050941	1.238153	3.113211	
643	405	3	0.994613	0.099675	1.253297	0.982805	1.487842	3.122356	
644	405	3	0.957449	2.677914	1.267800	0.083148	1.061988	3.050941	
645	405	4	1.101696	0.000025	1.900968	2.279430	1.379700	0.000009	1.269859	0.019202	
646	405	7	0.843742	0.000000	1.010066	0.000000	1.255556	3.141593	0.947957	3.041933	1.337056	3.025273	0.874063	0.085771	1.266371	3.070138	
647	405	1	1.210715	0.000000	
648	405	4	0.593354	0.000000	1.316790	0.000006	1.379700	0.000009	1.379990	0.184353	
649	405	2	1.197795	0.165165	1.113092	0.165149	
650	405	2	1.206992	0.165157	1.136001	0.019204	
651	405	2	0.907311	3.030932	1.008309	0.000000	
652	405	3	1.690299	0.358779	1.377420	0.587968	1.562753	3.082841	
653	405	2	2.741851	0.321750	1.323752	3.141593	
654	405	3	0.993627	0.000000	1.857484	3.032475	1.141714	3.110834	
655	405	2	0.900560	0.000000	1.528580	0.000000	
656	405	3	0.956008	3.089014	1.015257	0.000000	1.295374	3.058460	
657	405	1	1.204476	0.197407	
658	405	3	1.252649	3.058447	1.129169	2.976448	1.236689	3.115372	
659	405	2	2.265944	2.976444	1.529979	0.000000	
660	405	3	1.347240	2.999712	1.071274	3.050941	1.040337	2.961743	
661	405	3	0.969969	2.944184	0.930357	0.000000	1.333600	0.000013	
662	405	2	1.106418	3.050940	1.669440	0.052586	
663	405	4	1.140155	0.321742	1.349827	0.054005	1.173389	3.064816	1.140153	3.110842	
664	405	1	1.199302	0.000000	
665	405	3	2.101498	2.488754	1.211782	0.141903	1.124324	0.083148	
666	405	2	0.916557	0.000000	1.006278	3.041933	
667	405	1	0.919201	2.944214	
668	405	1	1.121365	0.321759	
670	405	1	1.258968	2.976448	
671	405	4	2.491247	2.774424	1.068543	1.190323	1.263487	0.076777	1.021212	2.572786	
672	405	3	0.829740	2.553602	1.487244	2.651642	1.464335	3.017249	
673	405	2	0.885641	2.999690	1.230630	3.050939	
674	405	3	3.493974	1.892562	1.606578	2.677945	1.117426	0.165157	
675	405	8	2.370438	2.553626	0.862796	1.373389	1.083666	0.000000	1.700206	2.297426	0.947150	2.863290	1.366761	2.976448	1.123281	2.761079	0.942610	2.922933	
676	405	8	1.344606	2.761091	1.204469	2.944214	1.083666	0.000000	0.792139	2.819827	1.130540	3.041933	2.309604	2.390666	1.149256	3.050925	1.499170	3.024486	
677	405	6	1.188830	2.553577	0.745039	0.000000	1.040818	0.000019	0.833695	3.141593	1.156748	3.058445	1.190801	2.645202	
678	405	5	0.903443	0.000000	1.633379	3.017247	1.158934	0.165157	0.760732	0.165157	0.911800	2.677945	
679	405	8	0.864746	2.677976	1.321683	3.141593	1.042224	2.988944	0.906968	0.124341	0.824119	2.976436	1.299425	0.000012	1.086253	2.976448	1.170211	3.103154	
680	405	8	0.993621	0.000000	1.378162	2.976436	1.192592	0.404889	1.315691	0.141909	0.993677	0.207501	1.329302	0.519148	0.845751	0.124341	1.700058	3.036719	
681	405	6	0.811317	0.000000	0.800801	0.000000	0.919273	2.944197	0.750381	0.000025	1.007328	0.132559	1.154292	0.083148	
682	405	7	0.741200	2.896615	1.509525	0.165157	0.983416	0.197419	1.288308	0.218667	0.986305	0.278302	1.287048	0.000011	1.448267	0.062423	
683	405	4	1.412656	2.976444	0.970395	0.000000	1.322873	3.024487	0.905389	0.298508	
684	405	4	1.376932	0.124364	1.007328	0.132559	1.227493	0.090665	1.263826	0.152645	
685	405	2	0.635438	0.000000	1.098941	0.000000	
686	405	1	1.344800	2.961743	
695	405	1	1.199182	3.041933	
699	405	1	1.281872	0.000014	
702	405	1	1.250142	3.017239	
714	405	1	0.968351	3.128751	
716	405	1	0.973134	0.379487	
717	405	1	1.180946	0.326431	
720	405	1	1.460006	0.355847	
727	405	1	1.038244	1.616714	
730	405	1	1.323740	0.937694	
464	406	1	0.900194	0.107870	
466	406	1	1.182771	0.026355	
467	406	1	1.099526	0.104895	
472	406	1	1.438583	0.028127	
474	406	2	1.147536	3.035396	1.099764	3.035396	
475	406	2	1.054590	0.046455	1.119648	3.035396	
477	406	3	1.443565	0.132416	1.485322	3.009766	1.301795	3.049891	
479	406	2	0.987380	2.958625	1.402992	3.035400	
482	406	1	1.235152	3.126060	
483	406	1	0.946129	3.118536	
484	406	1	1.246841	3.126060	
487	406	1	1.023092	0.046455	
492	406	1	1.257342	0.010918	
494	406	2	0.989385	0.013232	1.486098	3.048386	
498	406	1	1.171384	3.035403	
578	406	1	1.445714	3.132388	
584	406	1	1.445714	3.132388	
600	406	1	1.132310	3.004194	
604	406	1	1.132310	3.004194	
608	406	1	1.144937	0.175803	
612	406	1	1.069492	3.050145	
619	406	1	0.926440	0.019199	
620	406	1	1.630735	0.019203	
622	406	1	0.926440	0.019199	
623	406	1	1.102486	3.105299	
624	406	1	1.404010	0.062655	
628	406	1	1.295628	0.019205	
629	406	1	1.611983	0.019203	
632	406	2	1.176738	0.129860	1.528400	3.120819	
633	406	1	1.481513	0.057644	
636	406	1	1.050419	3.102041	
638	406	2	1.020320	2.963401	1.356040	3.036440	
639	406	3	1.547650	0.224604	1.050595	0.077963	1.104230	0.074706	
640	406	1	1.354559	3.058460	
641	406	1	1.404869	0.154734	
642	406	2	1.690432	0.093139	1.379170	0.060848	
643	406	4	1.313589	3.058458	1.204222	0.000000	1.076340	0.019200	1.019317	0.136310	
644	406	2	1.516063	0.000000	1.253297	0.982805	
645	406	2	1.516063	0.000000	1.214154	3.141593	
646	406	2	1.204222	0.000000	1.009061	2.986122	
647	406	2	1.227492	0.090665	1.479529	3.084023	
648	406	1	1.568519	3.045921	
649	406	2	2.768588	2.723371	1.448364	0.083148	
650	406	2	1.083721	0.000007	1.045129	0.074706	
651	406	1	1.781657	2.819827	
652	406	4	1.741205	0.000025	1.323321	3.141593	0.851864	0.019201	1.481899	0.059185	
653	406	6	1.510629	0.165132	1.150751	0.000000	1.021131	0.090665	1.516757	0.057650	1.124348	3.108208	1.379990	0.184353	
654	406	1	1.531967	3.070291	
655	406	3	1.543139	2.976460	1.251420	0.000000	1.332076	3.070138	
656	406	2	1.649755	0.000000	1.154806	0.000000	
657	406	4	0.991163	0.643514	1.418359	3.141593	1.131118	0.129860	1.479752	3.084023	
658	406	3	1.111789	0.000013	1.582296	3.084023	0.320493	1.970503	
659	406	3	1.823043	3.064829	1.322780	3.141593	1.389855	3.025265	
660	406	1	1.048520	3.075031	
661	406	2	1.582116	0.000000	1.163908	3.055925	
662	406	2	1.562373	0.380501	1.541609	0.056223	
663	406	2	1.546027	2.976462	0.786622	3.084024	
664	406	3	1.281873	0.000015	1.437302	0.019207	1.058408	0.019202	
665	406	1	1.716335	2.999688	
666	406	3	1.499885	0.165167	1.329709	3.141593	1.410255	0.062423	
667	406	1	1.448523	0.000000	
668	406	6	1.470045	0.278302	0.936331	1.570796	1.413353	3.117346	1.185140	3.110834	1.541609	0.056223	1.021212	2.572786	
669	406	3	3.636694	2.930507	1.548929	3.141593	1.520517	0.058760	
670	406	1	1.226741	0.000000	
671	406	2	1.068543	1.190323	1.199457	0.099675	
672	406	2	0.781195	0.620262	0.982629	2.446859	
673	406	6	1.435378	2.356193	1.807424	0.066572	1.107714	0.141903	1.549272	0.024390	1.451868	2.914800	1.355421	2.677955	
674	406	3	1.647130	2.498104	1.063572	0.179850	1.190801	2.645202	
675	406	4	2.057263	2.498080	1.402956	2.593046	1.037456	2.896614	0.868807	2.432982	
676	406	3	1.553681	2.553577	1.322669	0.090665	1.823547	2.896614	
677	406	1	1.582114	0.000000	
678	406	1	1.538956	3.141593	
681	406	2	1.549272	0.024390	1.309158	0.291460	
682	406	2	0.845751	0.124341	1.195021	0.244985	
683	406	2	1.464207	0.358766	1.450938	0.165144	
684	406	3	1.009853	0.266253	1.189617	0.244985	1.129926	0.244978	
685	406	2	0.919206	0.197407	1.527931	0.231094	
686	406	3	1.182656	1.815789	0.620851	0.214059	1.136617	0.426636	
687	406	1	1.171842	0.114877	
690	406	1	1.386908	0.132559	
708	406	1	1.205763	2.713886	
719	406	1	0.745674	0.450791	
720	406	1	1.136400	0.409153	
723	406	1	1.460006	0.355847	
464	407	1	1.472014	0.182782	
465	407	1	1.162333	3.131872	
468	407	1	1.301795	3.049891	
470	407	2	1.182771	0.026355	1.162333	3.131872	
471	407	2	1.646276	3.082981	0.962858	2.995427	
472	407	1	1.485322	3.009766	
477	407	1	1.646276	3.082981	
479	407	1	1.074143	3.106708	
483	407	1	1.508693	3.135065	
488	407	1	1.490438	3.112167	
489	407	1	1.718000	3.138479	
490	407	1	1.102569	2.893504	
495	407	1	1.684688	3.105054	
597	407	1	0.859375	3.089484	
600	407	1	1.203443	0.175811	
603	407	1	1.147928	3.108208	
606	407	1	1.404574	0.242685	
607	407	1	1.125252	0.019210	
611	407	1	1.188645	0.019203	
615	407	1	1.103017	3.105290	
616	407	1	1.205013	0.168094	
618	407	1	1.117333	0.129860	
619	407	1	1.086363	3.108208	
627	407	1	1.180356	0.069168	
631	407	1	1.169555	0.019197	
635	407	1	1.095232	0.019203	
641	407	1	0.968957	3.064322	
646	407	1	0.915975	0.982842	
647	407	2	1.655843	0.000000	1.147259	0.129860	
650	407	3	1.413730	0.674752	1.049600	3.036443	1.542042	0.264179	
654	407	1	1.006645	0.340955	
665	407	1	1.331046	0.226798	
666	407	1	1.170191	2.896596	
667	407	2	1.559207	0.321750	0.872466	1.892469	
668	407	1	1.084260	0.000000	
669	407	3	4.961887	2.819837	1.816309	3.082843	0.960310	0.398525	
670	407	1	7.474303	2.414972	
671	407	2	4.469237	2.512806	1.116240	2.422757	
672	407	5	1.035913	1.975674	1.656622	0.000000	1.119095	2.677930	1.704946	0.062422	1.087645	0.250298	
673	407	8	1.469983	2.553577	1.696928	0.000000	1.347638	2.356194	1.010977	2.521365	1.016564	2.265536	0.941053	2.356183	1.035175	2.761091	1.614322	2.677953	
674	407	2	1.314078	0.000000	0.818971	2.896615	
675	407	2	0.818971	2.896615	1.704946	0.062422	
679	407	1	2.051629	0.110665	
680	407	1	1.101392	0.000000	
682	407	1	1.474973	0.278311	
683	407	1	1.393637	0.321759	
685	407	2	1.575073	1.670471	1.362042	0.348776	
686	407	1	1.136879	0.463660	
687	407	1	1.161000	0.165157	
688	407	1	1.126508	0.348776	
689	407	2	0.501274	0.110660	1.444822	0.244974	
690	407	1	1.105781	0.785398	
694	407	1	1.425821	0.185350	
720	407	1	0.987909	0.592695	
469	408	1	0.893518	2.924738	
611	408	1	1.700512	3.084023	
616	408	1	1.416382	0.019200	
620	408	1	1.490641	3.117351	
622	408	1	1.207211	0.071791	
625	408	1	1.490641	3.117351	
626	408	1	1.121786	3.105299	
629	408	1	1.121786	3.105299	
657	408	1	0.320493	1.970503	
662	408	1	1.166969	1.222032	
667	408	2	2.674634	2.356176	0.804566	2.622425	
668	408	1	2.511068	1.735956	
669	408	1	5.826411	1.975713	
671	408	1	1.054454	1.750660	
672	408	3	1.347638	2.356194	0.694009	1.570796	1.916178	2.122443	
673	408	3	0.600913	0.785425	1.629140	1.871725	0.612720	1.107127	
685	408	1	2.122495	0.218660	
687	408	2	1.111725	0.610724	1.232340	0.418235	
688	408	1	1.143804	0.588010	
689	408	2	1.476748	0.674743	1.140122	0.426636	
691	408	1	1.309460	0.404897	
692	408	1	0.867418	0.674764	
723	408	1	0.870890	0.533943	
726	408	1	1.054755	1.616694	
660	409	1	1.006645	0.340955	
670	409	2	1.072147	2.316226	1.186961	2.231852	
671	409	3	0.743703	1.570796	0.840929	2.034475	0.904696	1.892571	
672	409	1	0.720501	2.158811	
686	409	1	1.736826	0.519167	
687	409	1	1.541658	0.463647	
688	409	1	0.858740	1.249056	
690	409	1	1.310241	0.528068	
691	409	1	1.111330	0.540424	
693	409	1	0.977523	0.588010	
725	409	1	0.870890	0.533943	
732	409	1	1.407378	0.648193	
669	410	1	0.635017	2.466859	
670	410	1	0.893613	2.677945	
671	410	4	0.805891	1.249031	1.098041	2.077898	0.822053	1.428889	0.821215	1.745461	
672	410	1	0.880741	2.034412	
688	410	1	1.488523	0.876063	
689	410	2	1.538044	0.358784	1.003158	0.643483	
691	410	1	1.351458	0.661044	
692	410	1	1.200656	0.674743	
693	410	3	1.340246	0.558600	1.253156	0.566748	0.926689	0.507101	
694	410	2	0.902582	0.463647	1.373114	0.463657	
729	410	1	1.249912	0.506305	
670	411	1	0.834554	1.815784	
671	411	4	0.993216	1.570796	1.044149	1.670471	0.406049	1.892565	1.089261	2.089937	
690	411	1	0.783236	0.643489	
691	411	1	1.013599	0.862200	
693	411	1	1.282874	0.718847	
695	411	2	1.415465	0.418236	1.120969	0.540425	
696	411	1	0.845741	0.321743	
697	411	1	1.433826	0.571344	
726	411	1	1.054755	1.616694	
735	411	1	1.417130	0.821686	
670	412	2	1.089261	2.089937	1.165047	1.304556	
671	412	2	1.067776	0.927309	0.724388	1.570796	
689	412	1	1.577442	0.876051	
691	412	1	1.821894	0.519167	
696	412	1	1.106643	0.694733	
697	412	2	0.962307	0.432415	1.036016	0.463648	
732	412	1	1.434317	0.607393	
669	413	1	0.845727	2.089938	
670	413	1	1.034882	1.951324	
671	413	2	1.044149	1.670471	1.629140	1.871725	
692	413	2	1.177048	0.785406	1.108749	0.785388	
694	413	1	1.435342	1.165899	
695	413	2	1.201920	0.694742	1.475650	0.726648	
698	413	2	1.212186	0.785424	1.084219	0.661055	
700	413	2	0.906337	0.463647	1.549999	0.571336	
701	413	1	0.945519	0.588032	
694	414	1	1.134635	0.785408	
696	414	2	1.405982	0.635026	1.385477	0.588009	
699	414	2	1.313086	0.418221	1.071445	0.000000	
702	414	1	0.957767	0.588000	
735	414	1	1.329094	0.503376	
738	414	1	1.417130	0.821686	
669	415	2	2.494847	2.106608	1.034882	1.951324	
670	415	1	0.911578	1.849090	
693	415	1	1.712360	0.702253	
700	415	1	1.149163	0.732812	
701	415	1	1.178135	0.708623	
703	415	1	1.511609	0.512392	
670	416	1	0.723872	1.735957	
694	416	1	1.432577	1.107159	
700	416	1	1.229676	0.785398	
702	416	2	1.373493	0.708644	0.989901	0.507114	
705	416	1	1.017227	0.785398	
706	416	1	1.431954	0.244987	
738	416	1	1.329094	0.503376	
669	417	1	0.763816	2.466841	
695	417	1	1.430707	0.785414	
700	417	1	1.099786	0.708623	
703	417	1	1.225576	0.463648	
704	417	1	1.248493	0.708623	
706	417	1	1.017227	0.785398	
709	417	1	1.442755	0.302884	
731	417	1	1.397045	2.937807	
668	418	1	0.919102	2.356194	
699	418	1	1.086622	0.698661	
702	418	1	1.099786	0.708623	
704	418	1	1.002703	0.718817	
706	418	1	1.531171	0.540424	
727	418	1	1.397045	2.937807	
705	419	1	1.280349	0.463658	
706	419	1	1.101768	0.726648	
716	419	1	1.286004	3.134191	
720	419	1	1.192477	3.059714	
723	419	1	1.331179	2.919902	
698	420	1	1.691013	0.785402	
707	420	1	1.369062	0.643501	
709	420	1	1.412327	0.411949	
702	421	1	1.045978	0.588005	
717	421	1	1.278449	3.118199	
720	421	1	1.278449	3.118199	
724	421	1	1.420666	0.137970	
668	422	1	0.642886	1.728213	
701	422	1	1.297323	0.641376	
703	422	1	1.482340	0.422706	
704	422	1	1.085410	0.588010	
713	422	1	1.277938	0.350538	
723	422	1	1.383805	1.705638	
727	422	1	1.199256	0.330858	
666	423	1	1.038164	2.521351	
705	423	1	1.232493	0.564594	
706	423	2	1.213610	0.706497	1.204340	0.542381	
711	423	1	0.920609	1.105036	
716	423	1	1.498765	0.381491	
730	423	1	1.490297	0.319626	
720	424	1	1.373748	0.242856	
732	424	1	1.132852	0.408000	
667	425	1	0.762094	1.494019	
703	425	1	1.269526	0.564594	
704	425	1	1.431522	0.564597	
708	425	1	1.326334	0.666292	
712	425	1	0.885977	0.923358	
723	425	1	1.550723	0.242849	
735	425	1	1.127180	0.407989	
706	426	1	1.269526	0.564594	
710	426	1	0.330509	0.739276	
713	426	1	1.325462	0.520090	
727	426	2	1.412876	0.169813	1.204619	1.813633	
707	427	1	1.414257	0.564605	
709	427	1	1.201192	0.298353	
712	427	1	1.239017	0.694305	
713	427	1	1.051875	1.051505	
731	427	1	1.367270	0.604583	
712	428	1	0.330509	0.739276	
713	428	2	1.213610	0.706497	1.298746	0.242856	
716	428	1	1.325462	0.520090	
711	429	1	1.227363	0.399453	
714	429	3	1.083553	0.617176	1.269648	1.240440	1.222254	1.028247	
726	429	1	1.013239	1.502669	
733	429	1	1.367270	0.604583	
714	430	1	1.390539	0.791396	
715	430	3	1.133382	0.464935	1.320534	0.564602	1.006209	1.004447	
716	430	2	1.137644	1.071701	1.318214	0.445165	
722	430	1	1.383805	1.705638	
717	431	1	1.060033	1.339510	
726	431	1	1.284703	1.524657	
715	432	1	1.328709	1.010714	
717	432	3	1.290344	0.886348	1.200612	0.488497	1.217320	1.071003	
716	433	1	1.420414	1.044118	
720	433	1	1.200612	0.488497	
722	433	1	1.236662	1.594983	
718	434	1	1.069440	1.071700	
717	435	2	1.130011	1.276070	1.360792	1.063951	
719	435	1	1.294030	0.991224	
726	435	1	1.159059	1.754901	
718	436	2	1.371693	1.322979	1.671848	1.347003	
719	436	2	1.079113	1.208111	1.106983	1.017742	
721	436	2	1.252176	1.708766	1.024322	1.315107	
719	437	2	1.092884	0.886336	1.001759	1.197348	
720	437	1	1.047305	0.612855	
719	438	1	1.402179	1.430904	
720	438	4	0.847137	0.762004	1.351666	1.225661	1.158128	1.350002	1.217320	1.071003	
726	438	1	1.057331	1.648506	
720	439	1	0.905050	1.515153	
721	439	2	1.286785	1.076994	0.765046	1.540165	
721	440	1	1.330347	1.620952	
722	440	1	1.060209	1.398240	
726	440	1	1.184767	2.135390	
721	441	2	1.084056	1.278677	0.718865	1.131988	
720	442	2	0.905050	1.515153	1.515534	1.720010	
721	442	2	1.185577	1.474351	0.470159	1.383322	
720	443	1	1.381821	1.568678	
722	443	1	1.647590	1.763455	
724	443	1	1.184767	2.135390	
720	444	1	1.172090	1.561098	
721	444	2	1.262934	1.482554	1.158128	1.350002	
722	444	3	1.387948	1.571113	0.996744	0.792699	0.221175	1.620314	
720	445	1	1.402179	1.430904	
721	445	1	1.183860	1.671738	
721	446	1	1.219514	1.501328	
720	447	1	1.381821	1.568678	
721	447	2	1.418416	1.568678	1.647590	1.763455	
722	447	2	1.123134	1.602893	1.031432	1.459400	
721	448	1	1.269648	1.240440	
721	450	2	1.102258	1.533112	1.235792	1.693019	
720	451	1	1.358609	1.643187	
721	451	1	0.659178	1.977326	
720	452	1	0.943379	1.698771	
720	453	1	0.971126	1.671743	
721	453	1	1.424842	1.607330	