1007
700	395	1	0.918052	-1.766220	
512	398	1	1.328073	3.115794	
519	398	1	1.253645	3.032653	
521	398	1	1.391099	3.039025	
524	398	1	1.321460	-3.087558	
529	398	1	1.209860	-3.076729	
533	398	1	1.289125	-3.002230	
602	398	1	1.482822	3.132390	
607	398	1	1.416615	-3.076858	
611	398	1	0.732229	-2.800634	
613	398	1	1.325410	-2.915250	
631	398	1	0.931698	3.102041	
635	398	1	1.062668	-3.011732	
702	398	1	1.572338	-3.141579	
703	398	1	1.374966	3.141593	
704	398	1	1.242781	3.041918	
706	398	1	1.329386	3.041933	
707	398	1	1.501905	3.141593	
708	398	1	1.514419	-2.961743	
711	398	1	1.310307	3.141593	
712	398	1	1.302450	-3.041925	
722	398	1	0.781674	2.076504	
509	399	1	0.532871	3.115802	
536	399	1	1.249195	3.115790	
538	399	1	1.233742	-2.969984	
540	399	1	1.271615	3.115789	
543	399	1	1.369003	-3.014745	
545	399	1	1.320991	-2.912203	
609	399	1	0.606744	2.980936	
618	399	1	1.382015	-2.998148	
622	399	1	1.252105	3.092720	
700	399	1	1.468874	2.792828	
701	399	1	0.870095	-2.993099	
550	400	1	1.383457	-3.014743	
563	400	1	1.326750	-2.915253	
616	400	1	1.003075	2.986122	
623	400	1	1.504583	-2.946777	
645	400	1	0.863990	3.127475	
651	400	1	0.863990	3.127475	
655	400	1	1.012063	-3.122393	
693	400	1	0.746507	-2.988703	
698	400	1	1.370931	2.699226	
699	400	1	1.355548	2.704975	
700	400	1	2.161399	-1.918188	
703	400	1	0.817158	-2.616863	
704	400	1	1.072479	-2.591702	
717	400	1	0.821976	2.908440	
719	400	1	0.821976	2.908440	
726	400	1	1.215996	2.700143	
728	400	1	0.810945	-1.343475	
553	401	1	1.266168	-3.002234	
555	401	1	1.343245	-2.871948	
568	401	1	1.521431	-3.081937	
629	401	1	1.504583	-2.946777	
688	401	1	2.351367	-1.825676	
692	401	1	1.474353	-1.811446	
696	401	2	1.462449	2.601169	2.279497	-3.126449	
697	401	1	1.439518	2.634491	
700	401	1	0.888308	-2.115580	
705	401	1	1.111004	-2.671345	
711	401	1	0.829928	2.991596	
712	401	1	0.762395	-3.013290	
713	401	1	0.730386	-2.969838	
718	401	1	0.858477	-3.046610	
721	401	1	0.858477	-3.046610	
723	401	1	1.195405	2.991591	
725	401	1	1.195405	2.991591	
560	402	1	1.342449	-2.852175	
574	402	1	1.409431	-3.044062	
580	402	1	1.450544	2.934993	
668	402	1	1.304926	3.059486	
670	402	1	1.146272	-3.081079	
673	402	1	1.357103	2.870198	
676	402	1	1.174181	-2.925588	
679	402	1	1.235747	-2.941294	
684	402	1	1.270468	2.303625	
688	402	1	1.083877	2.816921	
689	402	1	1.762182	2.559192	
690	402	1	1.147267	-3.098890	
692	402	1	1.156369	-3.032822	
696	402	1	1.347876	2.677945	
699	402	1	0.363427	-1.837897	
703	402	1	0.906645	2.991593	
705	402	1	0.997165	3.062901	
707	402	1	0.919919	3.068372	
708	402	2	0.800177	3.074725	1.241567	-2.827941	
709	402	1	0.812259	2.908441	
714	402	1	1.310723	2.991592	
716	402	1	0.816365	2.725340	
717	402	1	1.242005	3.039171	
718	402	1	1.234488	2.642817	
719	402	2	1.087804	2.859041	1.312103	3.082250	
720	402	1	1.054175	2.842704	
721	402	1	1.111873	2.991593	
727	402	1	0.975104	-1.418512	
537	403	1	1.075031	-2.999733	
543	403	1	1.244085	-3.089963	
549	403	1	1.336468	3.072041	
553	403	1	1.286390	-3.028037	
556	403	1	1.132691	3.130803	
559	403	1	1.232699	3.130797	
562	403	1	1.262870	3.130797	
565	403	1	1.238493	-3.019839	
577	403	1	1.452722	-2.969999	
579	403	1	1.544085	-3.089973	
581	403	1	1.313406	-3.081079	
582	403	1	1.372825	-3.019837	
584	403	1	1.416613	-3.069250	
590	403	1	1.272855	-2.809358	
598	403	1	1.388284	3.130791	
600	403	1	1.300975	-3.075621	
601	403	1	1.307757	3.130805	
604	403	1	1.560655	3.130792	
606	403	1	1.135012	-3.052714	
612	403	1	1.199196	-3.052733	
617	403	1	1.257663	-3.061728	
620	403	1	1.313209	3.066369	
623	403	1	1.459915	-3.061728	
625	403	1	1.503913	-3.061728	
626	403	2	1.383170	3.130800	1.248550	3.130799	
628	403	1	1.253047	-3.069251	
629	403	2	1.290418	-2.972535	1.244837	-3.085820	
630	403	1	1.336221	-2.771880	
632	403	1	1.165731	3.130803	
634	403	1	1.331312	-2.829045	
635	403	1	1.300580	3.130789	
638	403	1	1.171429	-3.081078	
641	403	1	1.389500	3.072041	
644	403	1	1.228336	-3.081078	
647	403	1	1.211448	-3.081089	
650	403	1	1.167775	3.059486	
653	403	1	1.293170	3.130797	
656	403	1	1.209572	3.059499	
659	403	1	1.247932	3.130789	
662	403	1	1.323162	3.064232	
665	403	1	1.143400	3.130792	
680	403	1	1.277623	2.976444	
682	403	2	1.277623	2.976444	1.154093	-2.999737	
684	403	1	1.154093	-2.999737	
685	403	1	1.297432	2.976448	
692	403	3	1.277061	2.850133	1.722775	3.041925	1.335970	2.991591	
694	403	1	1.579927	2.601181	
698	403	1	1.335970	2.991591	
700	403	1	0.661553	-2.784487	
701	403	1	0.977723	2.991586	
704	403	1	0.970272	2.849698	
709	403	1	1.141232	2.891938	
711	403	1	1.211107	3.091253	
712	403	2	1.190980	-2.993682	0.900487	-2.993088	
713	403	1	1.093670	2.891938	
716	403	1	1.234488	2.642817	
728	403	1	0.942894	-2.124056	
462	404	1	1.431683	-2.976841	
486	404	1	1.012225	2.924742	
490	404	1	1.106455	3.000926	
505	404	1	1.420125	-3.123935	
510	404	1	1.407376	3.115797	
515	404	1	1.397266	3.115790	
517	404	1	1.384058	3.115802	
520	404	1	1.415761	-3.076730	
522	404	1	1.417997	3.049228	
523	404	1	1.360282	3.115803	
525	404	1	1.297517	3.115795	
527	404	1	1.532608	-3.050273	
528	404	1	1.244782	3.089153	
529	404	1	1.427136	-2.982037	
530	404	1	1.308779	-3.067720	
540	404	1	1.201166	3.006436	
546	404	1	1.133484	3.059486	
566	404	1	1.211907	3.044490	
567	404	1	1.262674	3.115802	
568	404	2	1.459054	3.115792	1.259100	-3.028039	
570	404	1	1.464463	3.039025	
571	404	2	1.291280	3.005133	1.211210	3.130800	
572	404	1	1.269175	2.950637	
574	404	1	1.247869	3.130797	
575	404	1	1.561149	3.016142	
577	404	1	1.226760	3.130797	
578	404	1	1.336561	-3.084247	
579	404	1	1.690142	-3.067721	
580	404	1	1.468487	-3.090615	
581	404	2	1.341350	-3.014743	1.267632	3.130789	
582	404	1	1.509016	3.115789	
583	404	1	1.436872	-2.922407	
584	404	2	1.285904	-3.076728	1.165101	3.130799	
585	404	2	1.316834	-2.987528	1.379691	-3.089973	
587	404	1	1.513211	2.859851	
588	404	2	1.552009	3.115803	1.408764	-3.081077	
589	404	1	1.279391	-2.969984	
590	404	2	1.536257	-3.002246	1.350609	3.130802	
591	404	1	1.291572	3.130789	
592	404	1	1.350485	3.130800	
593	404	1	1.159144	-3.085819	
594	404	1	1.303010	3.054023	
595	404	1	1.348636	3.059486	
596	404	1	1.210956	2.998244	
597	404	1	1.448591	3.064234	
599	404	1	1.260551	3.130800	
600	404	1	1.473212	3.129553	
601	404	1	1.473337	3.125096	
602	404	3	1.476624	-3.122389	1.327397	3.130794	1.358893	-3.089972	
605	404	2	1.290091	-3.061728	1.215173	3.130797	
607	404	2	1.465170	-3.122389	1.232755	3.040145	
608	404	2	1.212407	-3.061731	1.372240	3.130797	
609	404	1	1.279182	3.130800	
611	404	1	1.159595	-3.052729	
612	404	2	1.428204	-3.083943	1.182546	3.130791	
613	404	1	1.199788	3.031140	
614	404	2	1.292129	3.130797	1.177812	3.130803	
615	404	1	1.387590	3.047646	
616	404	1	1.316439	3.130800	
617	404	1	1.291327	3.064222	
618	404	1	1.304643	-3.093636	
619	404	1	1.400806	-3.069249	
620	404	1	1.401562	3.047659	
621	404	1	1.112399	-2.769401	
622	404	1	1.295613	3.031140	
623	404	1	1.320101	3.040131	
624	404	1	1.217212	3.130797	
625	404	1	1.360348	3.130794	
626	404	1	1.269462	3.040142	
627	404	1	1.196712	-3.052714	
629	404	2	1.316696	-2.989839	1.398618	3.130800	
631	404	1	1.346797	-2.999749	
632	404	1	1.444145	3.031140	
633	404	1	1.346797	-2.999749	
634	404	1	1.444145	3.031140	
635	404	1	1.469753	3.054025	
655	404	1	1.342637	3.085371	
657	404	1	1.273406	3.130802	
659	404	1	1.399617	-2.972535	
660	404	1	1.857484	3.032475	
665	404	1	1.210892	2.923301	
667	404	1	1.290587	-3.122393	
676	404	1	1.606578	2.677945	
677	404	2	1.242489	-3.050928	1.212675	2.976460	
680	404	2	1.090895	3.141593	1.023335	2.944200	
682	404	2	1.329094	-3.058445	1.023335	2.944200	
684	404	1	1.787450	2.984996	
685	404	1	1.487149	2.896626	
686	404	1	1.502122	3.058447	
687	404	1	1.172415	-2.853895	
688	404	3	1.332069	3.041925	1.232924	2.961744	1.787450	2.984996	
689	404	3	1.300043	2.930507	0.660539	2.031515	1.806921	2.333700	
691	404	1	1.205595	-3.050928	
693	404	1	1.437887	-2.976444	
697	404	1	1.226325	-3.050941	
702	404	1	1.721214	1.884437	
705	404	1	1.170467	2.891919	
706	404	2	0.663447	-2.703586	1.315100	2.900929	
708	404	1	1.250142	3.017239	
709	404	1	0.763100	-3.126454	
710	404	3	1.202000	3.050941	0.908811	-3.094188	1.150316	2.914816	
711	404	2	0.954374	3.115954	1.036617	2.826430	
712	404	3	0.880932	-3.111740	0.942425	2.867232	1.241567	-2.827941	
713	404	2	0.906736	3.082252	0.912997	2.891938	
715	404	2	0.899231	-2.855943	1.038249	2.620702	
718	404	1	0.899231	-2.855943	
467	405	1	1.374974	-2.996098	
480	405	1	1.359463	3.118542	
482	405	1	1.012225	2.924742	
490	405	1	1.273264	-3.130681	
495	405	1	1.209526	-3.087874	
499	405	1	1.209526	-3.087874	
502	405	1	1.171384	3.035403	
505	405	2	1.486098	3.048386	1.457143	3.087983	
506	405	1	1.211916	-3.115237	
518	405	1	1.464973	3.057042	
532	405	1	1.439030	-3.076728	
534	405	1	1.624044	3.115790	
535	405	1	1.448568	-3.002230	
537	405	2	1.396722	-2.969985	1.164686	3.029058	
538	405	1	1.455459	3.115793	
539	405	1	1.420170	3.115789	
541	405	1	1.577705	-2.969984	
542	405	2	1.271793	-3.087558	1.651817	-2.747497	
543	405	1	1.364272	3.115792	
544	405	1	1.433074	3.115803	
545	405	1	1.302139	3.060299	
546	405	1	1.264506	3.039022	
547	405	2	1.223789	3.115790	1.225236	-2.908620	
548	405	1	1.467289	-3.067721	
549	405	1	1.409216	-3.104969	
550	405	1	1.348450	-3.067721	
552	405	1	1.397535	3.115790	
554	405	1	1.454428	3.115792	
555	405	1	1.604617	3.053379	
557	405	1	1.415846	3.115802	
558	405	1	1.375310	3.115802	
559	405	1	1.536687	3.016132	
560	405	1	1.576146	3.049228	
563	405	1	1.337974	3.115790	
564	405	1	1.437031	3.044490	
565	405	1	1.222939	2.998692	
566	405	1	1.360081	2.963150	
569	405	1	1.463316	3.115803	
571	405	1	1.404538	-3.114807	
577	405	1	1.372723	-3.093627	
578	405	1	1.372854	3.130804	
579	405	1	1.315646	-3.076728	
581	405	1	1.310299	-3.084247	
582	405	1	1.288327	3.130797	
583	405	1	1.316913	3.130794	
584	405	1	1.366683	-3.084247	
585	405	1	1.442649	3.130791	
586	405	1	1.551547	3.115791	
587	405	2	1.555911	3.039025	1.372953	3.130793	
588	405	1	1.326827	3.115803	
589	405	2	1.293112	3.115787	1.287903	3.068379	
590	405	1	1.291302	-3.089972	
591	405	2	1.400089	-3.117428	1.339161	3.115789	
592	405	2	1.337219	-3.104968	1.362654	3.130795	
593	405	2	1.374181	3.115803	1.329870	3.115803	
594	405	1	1.381513	-3.028027	
595	405	2	1.374181	3.115803	1.391938	-3.089972	
596	405	2	1.497578	3.115803	1.297291	3.115788	
597	405	1	1.395187	3.115795	
598	405	2	1.593750	3.115791	1.319187	3.115802	
599	405	1	1.266240	3.130799	
600	405	3	1.333717	3.115790	1.368029	3.013691	0.831021	2.824925	
602	405	3	1.141346	3.061127	1.361616	-3.093637	1.117729	2.873473	
603	405	2	1.431656	-3.090616	1.475447	-3.035277	
605	405	3	1.451402	3.032654	1.384345	-3.089962	1.227237	-2.954994	
606	405	2	0.811501	-1.796583	1.456316	-3.122389	
607	405	1	1.337345	3.130789	
608	405	1	1.461834	-3.014731	
610	405	2	1.461834	-3.014731	1.346309	3.130800	
611	405	2	1.367001	-3.122391	1.378128	3.068381	
613	405	3	1.263238	3.115789	1.209720	-3.081079	1.208964	3.130794	
614	405	1	1.364975	3.130789	
615	405	1	1.172551	3.130789	
616	405	2	1.501361	-3.122388	1.462195	3.089149	
617	405	2	1.459865	-3.122389	1.468710	3.130797	
619	405	1	1.223279	3.130802	
620	405	1	1.296453	3.130799	
621	405	2	1.494033	-3.112774	1.278751	3.130800	
622	405	2	1.455037	-3.045621	1.318164	-3.085821	
623	405	2	1.303509	3.130800	1.195762	-3.052732	
625	405	2	1.304589	3.025266	1.405188	3.068379	
626	405	1	1.315689	3.064222	
628	405	2	1.412266	-3.082407	1.300564	3.130790	
629	405	2	1.402305	-3.089973	1.251619	-3.102432	
630	405	1	0.931678	-3.063631	
631	405	2	1.278130	3.130799	1.285720	-3.052732	
633	405	3	0.956639	-3.122389	1.292849	3.130802	1.209488	3.130796	
634	405	1	1.341508	-3.081078	
637	405	4	1.304411	3.117352	1.396176	3.068372	1.377863	3.130801	1.051419	3.047646	
638	405	1	1.417313	3.130797	
639	405	3	1.316625	-3.141580	0.976497	-3.122388	1.124585	3.130792	
640	405	3	1.378016	3.130799	1.384338	3.130786	1.051419	3.047646	
641	405	2	1.387036	3.141593	1.346405	3.130799	
642	405	2	1.238153	3.113211	1.064122	3.047659	
643	405	3	1.487842	3.122356	1.321771	3.130800	1.445816	3.130797	
644	405	2	1.267800	-3.058445	1.880173	-3.085820	
645	405	1	1.269859	-3.122390	
646	405	3	1.255556	3.141593	0.874063	-3.055821	1.266371	3.070138	
647	405	2	1.230501	3.130792	0.914715	3.064234	
648	405	2	1.316790	-3.141587	1.487842	3.122356	
649	405	1	1.222481	3.080840	
650	405	4	1.136001	-3.122388	1.342637	3.085371	1.176509	2.972140	1.445225	2.965643	
653	405	2	1.323752	3.141593	1.211775	-3.102431	
654	405	2	1.269859	-3.122390	1.141714	3.110834	
655	405	1	1.178193	-3.052729	
656	405	1	1.295374	3.058460	
657	405	1	1.248287	3.080840	
658	405	2	1.252649	3.058447	1.236689	3.115372	
661	405	2	1.333600	-3.141579	1.399617	-2.972535	
663	405	2	1.349827	-3.087588	1.140153	3.110842	
670	405	1	1.258968	2.976448	
671	405	1	1.290587	-3.122393	
673	405	2	0.913682	2.930496	1.230630	3.050939	
674	405	1	1.916178	2.122443	
675	405	4	1.041440	2.966925	1.366761	2.976448	1.123281	2.761079	0.880183	3.030938	
676	405	2	0.902469	2.999697	1.130540	3.041933	
677	405	2	0.967163	-3.079170	0.847582	2.910503	
678	405	3	1.481241	3.070291	0.780393	3.141593	0.959479	2.819844	
679	405	3	1.344927	3.058447	0.831243	-3.070282	0.947564	-3.141583	
680	405	2	1.421249	3.141593	1.700058	3.036719	
681	405	2	0.855357	-2.988933	0.780393	3.141593	
682	405	2	1.426089	3.086099	0.932004	-2.850129	
683	405	2	1.412656	2.976444	0.905389	-2.843085	
684	405	2	1.007328	-3.009033	1.227493	-3.050928	
686	405	1	1.344800	2.961743	
695	405	1	1.199182	3.041933	
696	405	1	1.034030	-2.616851	
698	405	2	1.026800	-2.395526	1.337505	3.074738	
699	405	1	1.281872	-3.141579	
700	405	1	1.098248	2.693087	
701	405	2	1.038996	-3.111727	1.201301	2.891930	
702	405	2	1.250142	3.017239	1.185007	-3.064798	
703	405	3	1.123690	2.746618	0.984452	3.074726	1.279130	2.991591	
704	405	2	2.223991	2.492247	1.134407	2.991589	
705	405	1	1.367180	2.554976	
706	405	2	0.911018	2.891930	0.985758	3.054019	
707	405	3	1.273815	2.705545	1.032380	2.900950	1.134407	2.991589	
708	405	3	1.081217	2.991587	1.150316	2.914816	1.199346	-3.080500	
709	405	1	1.036617	2.826430	
712	405	1	1.551517	2.693097	
713	405	2	1.262545	2.527942	1.149361	-2.763513	
715	405	1	1.040089	-3.138936	
720	405	1	0.734063	-2.935772	
727	405	1	1.038244	-1.524878	
730	405	1	1.323740	-2.203899	
464	406	1	0.900194	-3.033723	
467	406	1	1.099526	-3.036697	
472	406	1	1.438583	-3.113465	
475	406	2	1.054590	-3.095138	1.119648	3.035396	
477	406	1	1.443565	-3.009176	
479	406	1	0.987380	2.958625	
483	406	1	0.946129	3.118536	
487	406	1	1.023092	-3.095138	
494	406	2	0.989385	-3.128360	1.490438	3.112167	
498	406	1	1.171384	3.035403	
527	406	1	1.287706	3.115797	
532	406	1	1.372976	2.963150	
540	406	1	1.230953	2.782026	
549	406	1	1.174146	-2.860931	
551	406	1	1.346132	-3.075621	
554	406	1	1.339510	3.130797	
555	406	1	1.463057	3.020141	
556	406	1	1.131488	3.083214	
558	406	2	1.273715	-3.028036	1.247530	3.130797	
560	406	1	1.625238	-2.853889	
562	406	1	1.354353	3.054024	
565	406	1	1.230923	3.130801	
567	406	2	1.288887	3.130794	1.226197	-3.061728	
569	406	1	1.153177	2.950939	
570	406	1	1.405313	-3.113944	
571	406	1	1.337160	-3.069251	
573	406	1	1.378614	-3.019839	
574	406	1	1.116833	-3.052714	
575	406	1	1.260059	3.068370	
576	406	2	1.234934	3.130801	1.093003	3.130797	
578	406	2	1.368661	3.130794	1.165855	-3.037513	
580	406	1	1.350438	3.072041	
581	406	1	1.244869	3.040128	
583	406	1	1.185691	-3.061728	
585	406	1	1.175873	-3.061728	
586	406	1	1.335067	3.115789	
587	406	1	1.414053	3.130798	
590	406	2	1.246285	3.115796	1.206326	2.950934	
592	406	1	1.099429	-2.860940	
593	406	1	1.659096	3.020139	
594	406	2	1.412913	3.090818	1.190517	3.015922	
595	406	2	1.268341	3.115802	0.820980	3.080840	
597	406	2	1.268341	3.115802	1.363346	3.006437	
599	406	4	1.192170	3.115795	1.555012	-3.010490	0.983280	2.965656	1.289562	-3.096888	
600	406	1	1.202535	3.056855	
605	406	1	0.902209	-3.057441	
606	406	1	1.319399	3.130792	
607	406	1	1.287339	3.040129	
608	406	1	1.281052	3.130792	
609	406	2	1.115284	3.130799	1.034743	3.130787	
610	406	1	1.331549	-3.041731	
611	406	2	1.216691	3.130797	1.071911	2.950953	
613	406	2	0.892046	-3.052733	0.972079	3.040143	
615	406	3	1.163784	-3.069237	1.202191	2.978149	0.949413	3.130801	
617	406	3	1.096663	3.130797	0.881796	-3.052730	1.285025	-3.096888	
618	406	1	1.277428	3.130792	
619	406	1	0.952071	-3.061728	
620	406	2	1.092900	-3.108944	1.129568	3.130797	
621	406	1	1.430925	3.130790	
623	406	1	1.213747	3.054023	
624	406	3	0.916193	-3.052717	1.032074	3.130797	1.303840	2.965650	
625	406	2	1.215930	3.080839	1.132753	-3.069251	
626	406	1	0.987730	3.130797	
627	406	1	1.200025	3.031122	
628	406	2	1.150488	3.130797	1.370124	-3.096887	
629	406	1	0.951037	3.130787	
630	406	1	1.422956	3.068381	
631	406	1	0.907887	2.839342	
632	406	1	1.285222	-3.099805	
633	406	4	1.481513	-3.083948	1.350746	-3.102431	1.422956	3.068381	1.002993	3.087349	
635	406	3	1.346588	-3.052729	1.295115	3.040128	1.543338	3.130797	
637	406	1	1.450205	3.130800	
638	406	3	1.020320	2.963401	1.356040	3.036440	1.174300	3.130795	
639	406	1	1.543338	3.130797	
640	406	1	1.354559	3.058460	
641	406	1	1.470230	3.130800	
642	406	1	1.379170	-3.080744	
643	406	3	1.313589	3.058458	1.580228	3.040131	1.315400	3.130792	
645	406	2	1.214154	3.141593	1.580228	3.040131	
647	406	2	1.227492	-3.050928	1.479529	3.084023	
649	406	1	1.448364	-3.058445	
652	406	3	1.323321	3.141593	0.851864	-3.122392	1.481899	-3.082407	
653	406	1	1.379990	-2.957239	
654	406	1	1.531967	3.070291	
657	406	2	1.418359	3.141593	1.479752	3.084023	
658	406	1	0.851864	-3.122392	
659	406	1	1.322780	3.141593	
662	406	1	1.479752	3.084023	
664	406	1	1.281873	-3.141578	
666	406	1	1.329709	3.141593	
668	406	2	1.541609	-3.085370	1.021212	-0.568806	
669	406	1	1.548929	3.141593	
671	406	1	1.199457	-3.041918	
672	406	1	0.898659	2.709186	
673	406	2	1.451868	2.914800	1.355421	2.677955	
675	406	1	0.913859	2.863286	
676	406	2	1.322669	-3.050928	1.823547	2.896614	
678	406	1	1.538956	3.141593	
681	406	1	1.309158	-2.850133	
683	406	1	1.450938	-2.976448	
686	406	1	0.620851	-2.927534	
690	406	1	1.168686	-2.911088	
692	406	1	1.213799	-3.094189	
694	406	1	1.158819	3.091255	
696	406	1	1.189171	2.794184	
697	406	1	1.233688	3.058165	
698	406	1	1.401936	-2.911083	
699	406	1	1.120299	-2.703587	
700	406	1	0.955276	2.991591	
701	406	1	1.151174	-2.993099	
702	406	1	1.721214	1.884437	
704	406	3	1.164965	3.082252	0.942612	3.082252	2.366417	-2.506201	
706	406	1	1.164965	3.082252	
709	406	1	1.551517	2.693097	
711	406	1	1.262545	2.527942	
723	406	1	1.460006	-2.785746	
464	407	1	1.472014	-2.958811	
471	407	1	0.962858	2.995427	
479	407	1	1.074143	3.106708	
483	407	1	1.508693	3.135065	
488	407	1	1.490438	3.112167	
490	407	1	1.102569	2.893504	
545	407	1	1.175590	2.897053	
546	407	1	1.207895	3.093773	
551	407	1	1.254606	-2.874093	
553	407	1	1.390396	-2.639308	
557	407	1	1.211975	-3.081089	
559	407	1	1.212669	3.130794	
562	407	1	1.125931	3.054025	
563	407	1	1.103396	2.839342	
565	407	1	1.106251	-2.725753	
566	407	1	1.338749	3.130800	
574	407	1	1.317372	3.130792	
577	407	1	1.379625	-3.099805	
584	407	1	1.286427	-3.081079	
585	407	1	1.213243	3.006437	
586	407	1	1.169045	3.130794	
588	407	1	1.450083	-3.052716	
589	407	1	1.659096	3.020139	
591	407	1	1.409366	3.130801	
592	407	1	1.309952	3.130791	
593	407	1	1.501496	3.130797	
596	407	2	1.501496	3.130797	1.269110	3.013688	
597	407	2	0.859375	3.089484	0.983280	2.965656	
599	407	1	2.079319	3.130795	
600	407	1	1.203443	-2.965781	
602	407	3	1.555012	-3.010490	1.395812	-2.954999	1.089188	-3.069251	
603	407	2	1.147928	3.108208	1.356587	3.075297	
605	407	3	1.419124	-2.886129	0.908761	2.923301	1.466035	2.998251	
606	407	2	1.404574	-2.898907	1.241998	2.904003	
607	407	1	1.125252	-3.122382	
608	407	2	1.077434	3.130797	0.913081	2.950940	
610	407	1	1.133505	-3.075623	
611	407	2	1.188645	-3.122389	1.049035	3.130797	
613	407	1	1.151467	3.047658	
614	407	1	1.312402	3.013688	
615	407	1	1.103017	3.105290	
618	407	1	1.117333	-3.011732	
622	407	1	0.980246	3.040143	
626	407	1	0.916193	-3.052717	
628	407	1	0.880946	-3.099805	
641	407	1	0.968957	3.064322	
647	407	1	1.147259	-3.011732	
650	407	1	1.049600	3.036443	
654	407	1	1.049600	3.036443	
665	407	1	1.331046	-2.914795	
669	407	1	1.816309	3.082843	
671	407	1	1.116240	2.422757	
672	407	2	1.060088	2.601176	1.816309	3.082843	
673	407	4	1.176518	2.191048	1.005807	2.704975	0.904290	2.629208	1.614322	2.677953	
675	407	1	1.704946	-3.079170	
685	407	1	1.362042	-2.792816	
688	407	1	1.271620	-2.381832	
689	407	1	1.045421	-3.025342	
690	407	2	0.987429	-2.403766	1.120617	-3.046611	
691	407	1	1.092837	-3.126453	
692	407	1	1.071783	3.074726	
693	407	1	1.113627	3.102254	
695	407	1	1.170404	-3.126441	
697	407	2	1.146454	2.811742	1.184649	-3.094205	
698	407	2	1.258263	2.811741	1.157264	3.140484	
699	407	2	1.061733	-3.138948	1.184649	-3.094205	
700	407	1	1.217467	2.991593	
701	407	2	1.199840	2.849692	1.253218	3.091269	
702	407	2	1.130219	3.039172	1.657942	2.403593	
703	407	1	1.123966	2.929170	
705	407	1	1.026326	3.047087	
707	407	1	0.913508	2.908452	
709	407	1	1.306188	2.991591	
469	408	1	0.893518	2.924738	
554	408	1	1.245927	2.832302	
556	408	1	1.282788	-2.794406	
564	408	1	1.279756	3.130787	
566	408	1	1.382069	3.130800	
567	408	1	1.336345	3.130800	
569	408	1	1.274219	3.130797	
570	408	1	1.665593	2.618412	
573	408	1	1.509153	3.044488	
575	408	1	1.391066	3.130800	
576	408	1	1.115026	3.016127	
577	408	1	1.628387	3.130797	
578	408	1	1.301801	3.115797	
580	408	1	1.388884	3.073715	
583	408	1	1.388561	3.039022	
585	408	1	1.310275	2.910403	
587	408	1	1.446160	3.001094	
603	408	1	0.552255	2.520068	
606	408	2	0.609205	2.974196	1.455251	2.667150	
607	408	1	1.458047	3.040128	
609	408	1	1.318766	-2.954993	
611	408	2	1.700512	3.084023	1.446798	3.130800	
616	408	2	1.416382	-3.122393	1.368092	-3.128005	
620	408	1	1.416382	-3.122393	
622	408	1	1.207211	-3.069802	
624	408	1	1.603822	3.130798	
625	408	1	1.490641	3.117351	
626	408	2	1.207211	-3.069802	1.445701	2.818752	
629	408	1	1.121786	3.105299	
657	408	1	0.320493	-1.171090	
667	408	1	1.263909	2.936197	
672	408	2	1.098041	2.077898	1.916178	2.122443	
673	408	2	1.115591	1.873680	0.867234	2.319172	
687	408	1	1.348556	-2.578270	
689	408	2	1.476748	-2.466849	1.107760	-3.094204	
691	408	2	1.043710	-2.864970	0.935191	-2.671345	
692	408	3	0.921589	-2.512783	1.308227	-2.630551	0.986457	-2.605863	
694	408	1	1.283940	2.991605	
696	408	1	1.096656	2.991588	
698	408	1	1.184786	2.669841	
726	408	1	1.038244	-1.524878	
569	409	1	1.074729	3.016125	
571	409	1	1.199797	3.025133	
660	409	1	1.006645	-2.800637	
670	409	2	1.072147	2.316226	1.186961	2.231852	
671	409	1	0.930907	2.403781	
672	409	1	0.720501	2.158811	
690	409	2	1.060765	-3.046623	1.341261	-2.703587	
691	409	2	1.422022	-2.797657	1.147000	-2.596854	
692	409	2	1.498660	-2.630550	1.182132	2.941637	
693	409	2	0.925808	-2.634492	1.307597	-2.751166	
694	409	1	1.115898	-2.784487	
732	409	1	1.407378	-2.493399	
561	410	1	1.438521	3.115802	
563	410	1	1.960910	-3.010791	
567	410	1	1.149399	2.527815	
669	410	1	0.898554	2.316226	
670	410	1	0.988302	2.256527	
671	410	2	1.098041	2.077898	0.793352	1.723456	
689	410	1	0.970238	-2.686042	
690	410	1	1.088771	2.772923	
691	410	3	1.351458	-2.480548	1.284200	-2.553781	1.390247	-2.572753	
692	410	2	1.196034	-2.506192	1.250698	-2.589336	
694	410	2	0.902582	-2.677945	0.837459	-2.506189	
695	410	3	1.105195	-2.506191	1.025327	-2.572768	1.626452	-2.827947	
696	410	1	1.182583	-2.572756	
670	411	1	0.933046	2.158799	
671	411	1	0.610138	1.570796	
690	411	1	0.958040	-2.751165	
691	411	1	0.855057	-2.703599	
693	411	4	1.282874	-2.422746	1.247512	-2.553781	1.481755	-2.648093	1.367252	-2.743044	
696	411	2	0.922115	-2.743068	0.909625	-2.648093	
697	411	2	1.283243	-2.572768	1.291923	-2.739937	
698	411	1	1.420759	-2.662793	
699	411	1	1.404147	-2.616841	
726	411	1	1.054755	-1.524898	
735	411	1	1.407378	-2.493399	
670	412	1	1.165047	1.304556	
671	412	2	0.697180	1.768204	0.487817	1.735956	
692	412	1	1.215722	-2.763518	
693	412	1	1.369403	-2.648094	
694	412	1	1.336497	-2.572768	
695	412	3	1.519852	-2.308799	1.558245	-2.648093	1.456750	-2.751178	
697	412	2	0.962307	-2.709177	0.902923	-2.564942	
698	412	2	1.277080	-2.572768	1.122946	-2.553770	
699	412	1	1.224814	-2.558781	
700	412	1	1.317194	-2.662793	
701	412	1	1.404147	-2.616841	
669	413	1	0.933144	1.626298	
695	413	2	1.475650	-2.414945	1.038061	-2.616851	
696	413	2	1.578241	-2.220133	1.064047	-2.616863	
697	413	2	1.422991	-2.689304	1.356336	-2.577501	
698	413	1	1.140955	-2.751166	
699	413	1	1.097395	-2.572768	
700	413	2	0.924433	-2.613504	1.218965	-2.558784	
701	413	1	0.953649	-2.553582	
702	413	1	1.317194	-2.662793	
696	414	1	1.405982	-2.506566	
697	414	1	1.248929	-2.506192	
698	414	2	1.086151	-2.395543	1.611025	-2.630550	
699	414	2	1.110128	-2.572768	1.299664	-2.625628	
700	414	2	2.290620	-2.662783	1.481361	-2.577502	
701	414	1	1.197656	-2.558771	
702	414	2	0.957767	-2.553593	1.310432	-2.572768	
703	414	1	1.418975	-2.558793	
738	414	1	1.417130	-2.319907	
669	415	1	2.494847	2.106608	
670	415	1	0.911578	1.849090	
697	415	1	1.304018	-2.364308	
698	415	1	1.355804	-2.214738	
699	415	1	1.067069	-2.447439	
700	415	1	1.319816	-2.717285	
702	415	3	1.931663	-2.589336	1.638834	-2.630538	1.257662	-2.572753	
703	415	2	1.175411	-2.680863	1.043651	-2.506201	
704	415	1	1.235313	-2.616851	
670	416	1	0.845744	1.815775	
699	416	1	1.324449	-2.248865	
700	416	1	1.086151	-2.395543	
701	416	1	1.069438	-2.616853	
703	416	1	1.000440	-2.506189	
704	416	3	1.360163	-2.703587	1.324468	-2.625628	1.370766	-2.668393	
705	416	2	0.957767	-2.553593	1.290628	-2.558784	
669	417	1	0.694736	2.111220	
699	417	1	1.480622	-2.227885	
700	417	1	1.405982	-2.506566	
704	417	1	2.263487	-2.558780	
705	417	2	0.865855	-2.227895	1.536289	-2.609273	
706	417	2	0.972351	-2.488748	1.131372	-2.564953	
707	417	1	1.270575	-2.506191	
731	417	1	1.397045	2.937807	
668	418	1	0.836849	2.408773	
700	418	1	1.373350	-2.153207	
702	418	1	1.303283	-2.485898	
704	418	1	1.566131	-2.656570	
705	418	1	0.994575	-2.506201	
706	418	1	0.965184	-2.506189	
707	418	2	1.510082	-2.115580	1.619625	-2.572757	
708	418	1	1.173666	-2.751166	
727	418	1	1.331179	2.919902	
706	419	1	1.156454	-2.558771	
708	419	1	0.928717	-2.395533	
709	419	2	1.133857	-2.827956	1.447125	-2.308798	
710	419	1	1.170491	-2.630550	
711	419	1	1.202661	-2.680875	
716	419	1	1.286004	3.134191	
720	419	1	1.192477	3.059714	
723	419	1	1.331179	2.919902	
701	420	1	1.278438	-2.153207	
708	420	2	1.048533	-2.703598	1.696421	-2.640514	
709	420	1	1.412327	-2.729643	
711	420	2	1.360638	-2.864963	1.273148	-2.763523	
712	420	1	1.220075	-2.827948	
713	420	1	1.278778	-2.784488	
714	420	1	1.294997	-2.703588	
702	421	1	1.302728	-2.153207	
709	421	1	1.015397	-2.724867	
710	421	2	0.847009	-2.630549	1.490777	-2.295107	
714	421	1	1.430664	-3.025341	
715	421	1	1.189979	-3.000128	
716	421	1	1.364772	-2.784497	
717	421	1	1.238238	-2.864970	
668	422	1	0.642886	1.728213	
701	422	1	1.297323	-2.500216	
702	422	1	1.360865	-2.227885	
703	422	2	1.482340	-2.718886	1.353962	-2.184440	
710	422	1	0.966926	-2.792246	
711	422	1	1.193353	-2.792247	
712	422	1	1.067456	-2.827942	
713	422	1	1.277938	-2.791055	
716	422	2	1.206878	-3.094205	1.280996	-2.844072	
717	422	1	1.272881	-2.911093	
718	422	2	1.363764	-3.000142	1.320804	-2.804692	
719	422	1	1.314557	3.091256	
720	422	1	1.384493	-2.911080	
721	422	1	1.568343	-3.025342	
722	422	1	1.360693	-3.000142	
723	422	1	1.335719	-2.911087	
666	423	1	0.651974	1.815777	
703	423	1	1.273730	-2.184447	
704	423	1	1.371569	-2.125696	
705	423	1	1.232493	-2.576999	
706	423	1	1.204340	-2.599212	
711	423	1	0.920609	-2.036557	
712	423	1	1.707260	-2.864963	
713	423	1	1.064449	-2.784497	
714	423	1	0.943172	-2.911095	
715	423	2	2.047278	-2.859188	1.707260	-2.864963	
716	423	1	1.498765	-2.760101	
717	423	1	1.152007	-3.000127	
718	423	1	1.091473	-3.000128	
722	423	1	1.490662	-3.094203	
723	423	1	1.362842	-3.000141	
724	423	1	1.245369	-3.000142	
725	423	1	1.334376	-2.827943	
726	423	1	1.288600	-2.942820	
727	423	1	1.527362	-2.439642	
704	424	1	1.361746	-2.227918	
712	424	1	1.439059	-2.279395	
715	424	1	2.063490	-2.993095	
716	424	1	2.502452	-2.942819	
717	424	1	1.219783	-3.000141	
718	424	1	1.469103	-3.094202	
719	424	1	1.054021	-3.094203	
720	424	2	1.373748	-2.898737	1.137131	2.991591	
721	424	2	1.434049	-3.025328	1.378567	-2.797652	
722	424	1	2.344010	-2.458614	
726	424	1	1.351643	-2.911073	
727	424	2	1.192236	-2.703586	1.231244	-2.784497	
728	424	2	1.407956	-2.439631	1.080002	-2.911088	
729	424	2	1.346296	-2.630550	1.181395	-2.827956	
667	425	1	0.762094	1.494019	
704	425	1	1.431522	-2.576996	
708	425	1	1.326334	-2.475301	
712	425	1	0.885977	-2.218235	
713	425	1	1.334039	-2.319215	
717	425	1	1.858786	-2.616863	
723	425	1	1.550723	-2.898744	
724	425	1	1.718923	1.927897	
725	425	1	1.608928	2.611077	
729	425	2	1.270470	-2.572740	0.992711	-2.648078	
730	425	2	1.189236	-2.703587	1.006894	-2.751178	
731	425	2	1.354004	-2.703587	0.904544	-3.094189	
706	426	1	1.379712	-2.153207	
715	426	1	1.291672	-2.292140	
727	426	3	1.412876	-2.971780	1.204619	-1.327960	1.378567	-2.797652	
731	426	2	1.266188	-2.572768	1.272010	-2.572753	
706	427	1	1.468814	-2.272455	
707	427	1	1.414257	-2.576987	
712	427	1	1.239017	-2.447288	
713	427	1	1.051875	-2.090087	
730	427	1	1.261583	-2.625619	
731	427	1	1.412876	-2.971780	
707	428	1	1.379712	-2.153207	
708	429	1	1.580756	-2.184450	
711	429	1	1.227363	-2.742140	
714	429	3	1.083553	-2.524417	1.239017	-2.447288	1.222254	-2.113346	
717	429	1	1.291672	-2.292140	
726	429	1	1.013239	-1.638924	
733	429	1	1.367270	-2.537010	
708	430	1	1.459011	-2.125696	
714	430	1	1.390539	-2.350196	
715	430	1	1.006209	-2.137145	
716	430	1	1.137644	-2.069892	
719	430	1	1.658180	-2.439624	
136	431	1	1.019165	-2.002634	
137	431	1	1.131316	-1.952318	
709	431	1	1.355411	-2.153189	
726	431	1	1.284703	-1.616936	
137	432	1	1.205966	-2.068236	
138	432	1	1.054791	-2.016332	
141	432	2	0.928323	-1.848693	1.126849	-1.607848	
142	432	2	1.045432	-2.268893	1.098855	-1.768219	
715	432	1	1.328709	-2.130879	
137	433	1	1.420472	-2.185751	
138	433	2	1.236204	-1.985094	1.254543	-2.193552	
139	433	1	1.068527	-1.882014	
141	433	3	1.024787	-2.371970	1.157490	-2.126985	1.105096	-1.805238	
142	433	1	1.244592	-2.620938	
716	433	1	1.420414	-2.097475	
135	434	1	2.299523	-1.404008	
136	434	1	1.349742	-1.209039	
137	434	1	1.383292	-2.563628	
138	434	1	1.276316	-2.126991	
139	434	1	1.239530	-2.079407	
140	434	1	1.436280	-2.060421	
141	434	1	1.281018	-1.970388	
142	434	2	1.293259	-2.714997	1.218785	-2.016337	
143	434	1	1.311383	-3.003045	
144	434	1	1.359189	-2.912388	
145	434	1	1.418087	-2.812722	
718	434	1	1.069440	-2.069892	
135	435	2	1.219382	-2.301665	1.246693	-2.251350	
136	435	1	1.914618	-2.126996	
137	435	1	0.963717	-0.753586	
139	435	2	1.170742	-2.079407	1.270201	-2.068231	
140	435	2	1.712336	-2.237644	1.225427	-2.060419	
141	435	1	1.568013	-2.083534	
142	435	2	1.280318	-2.074408	1.666004	-2.002634	
143	435	1	1.419142	-2.027323	
145	435	1	1.716600	-3.109777	
146	435	1	1.418087	-2.812722	
147	435	1	1.607718	-3.109777	
148	435	1	1.524947	3.079336	
717	435	1	1.360792	-2.077642	
726	435	1	1.159059	-1.386691	
134	436	3	0.892264	-2.714984	1.107746	-2.590635	1.364230	-2.715000	
135	436	7	1.877127	-2.448740	2.315273	-2.371970	1.347611	-2.485762	0.992475	2.944169	1.406419	-2.413045	1.661318	-2.563628	1.266487	-2.590645	
136	436	6	1.255691	-2.060419	0.923236	3.125814	1.003394	-2.418449	1.604082	-2.448740	1.498939	-2.413045	1.055766	-2.193557	
137	436	1	0.896013	3.110193	
138	436	1	0.860153	-3.092250	
139	436	1	1.120163	-2.448740	
140	436	2	1.318116	-2.126985	0.741243	-2.448739	
141	436	2	1.782807	-2.074408	0.880249	-2.193559	
142	436	1	1.593101	-2.126988	
143	436	1	1.409169	-2.027319	
718	436	1	1.371693	-1.818614	
719	436	2	1.079113	-1.933482	1.106983	-2.123851	
134	437	1	0.966966	-3.012053	
135	437	1	1.020387	-2.859806	
136	437	3	1.411891	-2.413041	1.417555	-2.268893	1.022848	-2.405291	
137	437	6	1.518009	-2.448740	1.247344	-2.448744	0.997258	-2.251341	1.743282	-2.251350	1.568585	-2.268893	1.149201	-2.384309	
139	437	1	1.244296	-2.413041	
140	437	1	1.416816	-2.251342	
141	437	1	1.332338	-2.193566	
142	437	2	1.554254	-2.126996	1.002058	-1.929596	
143	437	2	1.288103	-2.126990	1.421734	-2.074409	
719	437	1	1.001759	-1.944245	
137	438	5	1.405542	-2.193557	1.300077	-2.185751	1.255691	-2.060419	1.350688	-2.324384	1.295137	-2.620926	
138	438	5	1.483097	-2.283598	1.461627	-2.237650	1.198129	-2.345656	1.624191	-2.405290	1.213724	-2.399999	
141	438	2	1.320383	-2.193566	1.335392	-2.193566	
142	438	2	1.519308	-2.251345	1.076874	-1.985094	
143	438	2	1.203902	-2.068237	1.577434	-1.985087	
144	438	1	1.431840	-2.079412	
719	438	1	1.360792	-2.077642	
720	438	1	1.079113	-1.933482	
726	438	1	1.057331	-1.493087	
138	439	6	1.430588	-2.324389	1.427566	-2.193559	0.997258	-2.251341	1.542856	-2.448740	1.570902	-2.268893	1.220893	-2.393240	
139	439	5	1.815187	-2.237656	1.464376	-2.531879	1.583326	-2.553613	1.520793	-2.371974	1.191247	-2.324389	
142	439	2	1.515130	-2.185744	1.405557	-2.193565	
143	439	2	1.671727	-2.126985	1.285190	-2.126992	
144	439	2	1.504624	-2.126988	1.487139	-2.079412	
145	439	1	1.717419	-2.068231	
720	439	1	1.001759	-1.944245	
721	439	1	0.765046	-1.601427	
139	440	4	1.442512	-2.301656	0.986684	-2.251350	1.482590	-2.268893	1.419398	-2.283598	
140	440	5	1.408790	-2.301656	1.530560	-2.193551	1.739815	-2.590635	1.496912	-2.448740	1.342598	-2.268884	
141	440	1	1.226963	-2.126989	
142	440	1	1.271999	-2.126991	
143	440	3	1.419657	-2.126985	1.457362	-2.193560	1.158371	-2.193560	
144	440	3	1.739861	-2.237648	1.292657	-2.324379	1.523744	-2.193566	
145	440	1	1.387048	-1.985087	
726	440	1	1.057331	-1.493087	
140	441	3	1.333466	-2.251350	1.465235	-2.060426	1.492982	-2.185744	
141	441	4	1.578139	-2.268893	1.344230	-2.193560	1.461666	-2.268893	1.327079	-2.371970	
142	441	1	1.097000	-2.251350	
143	441	2	1.501985	-2.371970	1.272558	-2.060427	
144	441	2	1.673168	-2.237644	1.533394	-2.301656	
145	441	1	1.538996	-2.126989	
146	441	1	1.343183	-1.805244	
721	441	1	0.718865	-2.009604	
140	442	1	1.489857	-2.413036	
141	442	5	1.649636	-2.193566	1.625460	-2.185751	1.952766	-2.613889	1.593652	-2.193566	1.654121	-2.448740	
142	442	5	1.675352	-2.193560	1.769925	-2.126991	1.122635	-2.371970	1.650670	-2.268884	1.414726	-2.268893	
143	442	2	1.485516	-2.179578	1.239121	-2.268893	
144	442	2	1.572369	-2.301670	1.427261	-2.060419	
145	442	2	1.506215	-2.193560	1.550545	-2.268894	
146	442	2	1.469247	-1.708771	1.533249	-2.174575	
720	442	1	0.905050	-1.626440	
141	443	2	1.541154	-2.251342	1.498902	-2.268893	
142	443	5	1.525742	-2.268877	1.644866	-2.060427	1.478420	-2.405291	1.464521	-2.193566	1.255354	-2.448739	
143	443	2	1.508056	-2.185747	1.202189	-2.185739	
144	443	3	1.237921	-2.301665	1.441013	-2.268893	1.644785	-2.126993	
145	443	2	1.512275	-2.301656	1.469448	-2.324389	
146	443	3	1.613756	-2.185751	1.484579	-2.324389	1.525631	-2.268884	
147	443	1	1.322620	-1.663344	
720	443	1	1.371693	-1.818614	
722	443	1	0.718865	-2.009604	
724	443	1	1.184767	-1.006203	
142	444	1	1.671885	-2.324389	
143	444	3	1.620565	-2.193560	1.458301	-2.301665	1.383073	-2.413045	
144	444	3	1.261685	-2.301665	1.760714	-2.268893	1.399078	-2.268894	
145	444	2	1.461406	-2.371970	1.332507	-2.060426	
146	444	2	1.529767	-2.301665	1.366515	-2.324389	
147	444	4	1.475772	-1.684614	1.510863	-2.251341	1.320258	-2.324379	1.489681	-2.126989	
721	444	1	1.158128	-1.791590	
143	445	2	1.618801	-2.251341	1.525924	-2.193560	
144	445	4	1.447038	-2.324388	1.756956	-2.126991	1.503398	-2.324383	1.238277	-2.268877	
145	445	4	1.869883	-2.485762	1.344028	-2.002634	1.591801	-2.193560	1.138169	-2.268893	
146	445	1	1.403651	-2.068232	
147	445	4	1.569283	-1.805239	1.375385	-2.324383	1.575479	-2.345655	1.297084	-2.193566	
148	445	2	1.190165	-2.324389	1.393741	-2.016332	
720	445	1	1.402179	-1.710689	
143	446	1	1.769945	-2.251349	
144	446	3	1.418671	-2.283598	1.870158	-2.126991	1.781422	-2.126985	
145	446	3	1.651454	-2.324389	1.775133	-2.193565	1.330097	-2.193552	
146	446	4	1.382927	-2.507498	1.604317	-2.179576	1.740367	-2.126985	1.298555	-2.193565	
147	446	1	1.872669	-1.768219	
148	446	4	1.388639	-2.324390	1.551788	-2.237648	1.276069	-2.324389	1.202759	-2.050217	
149	446	1	1.141655	-2.251345	
144	447	1	1.797219	-2.268893	
145	447	3	1.656372	-2.268877	1.511758	-2.185740	1.896284	-2.126985	
146	447	4	1.534883	-2.324389	1.569541	-2.268893	1.592966	-2.268893	1.224934	-2.126996	
147	447	5	1.394887	-1.869670	1.065018	-2.251350	1.315048	-2.060427	1.476343	-2.060426	1.277578	-2.126998	
149	447	4	1.449113	-2.324389	1.575479	-2.345655	1.050250	-2.371969	1.227827	-2.079407	
150	447	1	1.124293	-2.324385	
720	447	1	1.381821	-1.572915	
721	447	1	1.647590	-1.378137	
145	448	2	1.508587	-2.193551	1.340856	-2.324389	
146	448	3	1.551666	-2.324389	1.287367	-2.193566	1.343075	-2.324383	
147	448	5	1.466397	-2.324388	1.872669	-1.768219	1.132886	-2.283598	1.512428	-2.126998	1.262411	-2.126999	
148	448	2	0.726090	-2.193560	1.340910	-2.185744	
149	448	1	1.198606	-2.126993	
150	448	3	1.388639	-2.324390	1.551788	-2.237648	1.195580	-2.413045	
151	448	1	1.157179	-2.371969	
721	448	1	1.269648	-1.901153	
146	449	2	1.284328	-2.268878	1.266442	-2.193560	
147	449	3	1.476704	-2.405291	1.309618	-2.185751	1.644419	-2.060419	
148	449	5	1.208394	-2.413044	1.569489	-1.805239	1.377119	-2.268893	1.547985	-2.060419	1.225469	-2.193551	
151	449	2	1.449113	-2.324389	1.030092	-2.324388	
146	450	1	1.482026	-2.251349	
147	450	2	1.318299	-2.193556	1.299103	-2.371970	
148	450	6	1.466397	-2.324388	1.210090	-2.193565	1.394887	-1.869670	0.809846	-1.538988	1.416122	-2.126998	1.329960	-2.068232	
149	450	3	1.333935	-2.448740	1.340910	-2.185744	1.262411	-2.126999	
150	450	1	1.227827	-2.079407	
151	450	3	1.589487	-2.185744	1.513000	-2.301665	1.198606	-2.126993	
152	450	1	1.105029	-2.237650	
147	451	1	1.251456	-2.268893	
148	451	3	1.195507	-2.193560	1.644419	-2.060419	1.400070	-2.193565	
149	451	5	1.383202	-2.237650	1.376085	-2.074409	1.377119	-2.268893	1.525627	-2.193560	1.204720	-2.185740	
150	451	2	1.322291	-2.448740	1.284817	-2.251350	
151	451	1	1.191962	-2.126990	
152	451	1	1.121943	-2.179577	
148	452	2	1.182652	-2.193566	1.202843	-2.185744	
149	452	3	1.431945	-2.251336	1.291805	-2.324389	1.140979	-2.126998	
150	452	1	1.247992	-2.060419	