1034
741	389	1	1.167330	-0.757995	
739	391	1	1.203458	-0.772702	
737	393	1	1.126390	-0.862022	
735	395	1	1.274458	-0.680856	
700	396	1	1.636168	-0.076766	
701	396	1	1.601989	-0.197378	
702	396	1	1.450592	-0.165137	
703	396	1	1.653057	0.000000	
704	396	1	1.977617	0.000000	
705	396	1	1.599272	0.000000	
706	396	1	1.363808	0.000000	
707	396	1	1.400101	0.000000	
708	396	1	1.753708	0.000000	
709	396	1	1.597511	0.000000	
710	396	1	1.571526	0.000012	
711	396	1	1.698339	0.000012	
712	396	1	1.582249	0.000000	
713	396	1	1.457809	0.000000	
714	396	1	1.531728	0.000000	
715	396	1	1.625043	0.000000	
716	396	1	1.432784	0.000000	
693	397	1	1.614962	-0.278297	
694	397	1	1.806801	-0.380500	
695	397	1	1.668988	-0.226791	
696	397	1	1.768429	-0.076775	
697	397	1	1.568586	-0.083135	
698	397	1	1.656767	-0.197393	
699	397	1	1.678835	0.000000	
713	397	1	1.545764	-0.152637	
715	397	1	1.257436	-0.099675	
733	397	1	1.340258	-0.509713	
664	398	1	1.314006	-0.450639	
690	398	1	1.460216	-0.197393	
691	398	2	1.480079	-0.291445	1.178163	0.282405	
692	398	1	1.504555	-0.266253	
709	398	1	1.647379	-0.152645	
711	398	1	1.403458	-0.179850	
715	398	1	1.304085	-0.205496	
721	398	1	1.142912	-0.129208	
728	398	1	0.903055	-0.553265	
729	398	1	1.424726	-0.300134	
731	398	1	1.098137	-0.192709	
685	399	1	1.619081	-0.380501	
686	399	1	1.586930	-0.090665	
687	399	1	1.465938	-0.197393	
688	399	1	1.748836	-0.165145	
689	399	1	1.587355	-0.179850	
690	399	1	1.138382	0.217172	
692	399	1	1.290144	0.141451	
693	399	1	1.069768	0.313651	
694	399	1	1.290144	0.141451	
706	399	1	1.412730	-0.203045	
707	399	1	1.337276	-0.191631	
710	399	4	1.510417	-0.211092	1.191980	-0.062635	1.230461	-0.267112	1.286817	-0.094506	
712	399	2	1.228112	-0.129200	1.216676	-0.267115	
713	399	2	1.388885	-0.226792	1.336343	-0.080927	
714	399	1	1.618159	-0.149987	
715	399	2	1.388125	0.071312	1.196017	0.012688	
717	399	1	1.310762	0.060183	
719	399	1	1.333980	0.056148	
721	399	1	1.310762	0.060183	
724	399	1	1.325007	0.131399	
725	399	1	1.358112	-0.080927	
727	399	1	1.114088	0.097597	
730	399	1	1.269603	-0.066781	
682	400	1	1.492088	-0.463648	
683	400	1	1.437326	-0.463636	
684	400	1	1.435953	-0.463636	
692	400	2	1.060311	-0.059341	1.277090	0.024673	
694	400	1	1.009285	-0.050338	
695	400	2	1.412018	-0.094950	1.153030	0.282405	
696	400	3	1.009285	-0.050338	1.069768	0.313651	1.506024	-0.001109	
697	400	3	1.368551	-0.090653	1.223818	0.357105	1.265098	-0.094506	
699	400	1	2.376757	-0.835728	
700	400	4	1.631444	-0.083133	0.889260	-0.176785	1.226682	-0.059341	1.761647	0.029853	
702	400	1	1.463827	-0.347385	
703	400	1	1.313421	-0.149987	
704	400	2	1.535756	-0.073704	1.181004	-0.017444	
705	400	3	1.334820	-0.165145	1.311586	-0.059341	1.194182	0.152884	
706	400	2	1.081880	-0.240657	1.503519	-0.233140	
707	400	4	1.208175	-0.083135	1.044151	-0.240663	1.140483	-0.083428	1.232096	0.047395	
708	400	3	0.959616	-0.050323	1.100640	-0.150007	1.325960	-0.094498	
709	400	2	0.747992	-0.179855	0.982886	0.047389	
710	400	2	0.758007	-0.179850	0.986215	-0.017455	
711	400	1	0.692217	-0.152645	
712	400	2	0.805589	-0.083135	1.129446	0.171753	
713	400	1	0.877465	0.000015	
714	400	1	0.959655	0.000000	
715	400	1	0.995213	0.000000	
716	400	1	0.941477	0.090665	
724	400	1	1.076671	-0.376792	
726	400	2	0.853834	-0.579590	0.689637	-0.240663	
727	400	1	1.253409	-0.059341	
564	401	1	1.351388	-0.420592	
571	401	1	1.409023	-0.347550	
671	401	1	0.944215	-1.812194	
680	401	1	1.563674	-0.528079	
681	401	1	1.797922	-0.380514	
682	401	1	1.866298	-0.463648	
686	401	1	1.091255	-0.356000	
689	401	1	1.608946	-0.152645	
691	401	2	1.473780	-0.179850	1.082720	-0.049374	
693	401	1	1.536801	-0.050337	
694	401	1	1.265098	-0.094506	
695	401	3	1.193762	-0.179850	1.030884	0.047405	1.643850	0.268229	
696	401	2	0.876740	-0.291446	0.948526	-0.083782	
697	401	3	0.841094	-0.291460	1.155636	-0.090667	1.030884	0.047405	
698	401	2	0.819286	-0.197393	1.148518	0.282415	
699	401	3	0.813831	-0.197393	1.168430	0.198768	1.194442	0.193022	
700	401	3	0.695538	-0.179850	1.593274	-0.132540	1.051584	0.035345	
701	401	2	0.761798	0.000000	1.168708	-0.050339	
702	401	4	0.839781	0.000000	1.173635	0.000000	1.062474	-0.059342	1.209647	0.047399	
703	401	2	0.783109	0.000000	1.118265	0.029853	
704	401	2	0.730888	0.000015	1.100807	-0.150000	
705	401	2	0.738737	0.000012	1.000028	-0.149987	
706	401	1	0.717901	0.000000	
707	401	1	0.687792	0.000000	
708	401	1	0.681064	0.000000	
711	401	1	1.201432	0.171753	
713	401	1	1.009813	0.029853	
714	401	1	1.038468	0.230512	
716	401	1	1.061145	0.198769	
717	401	1	1.129601	0.094970	
718	401	2	0.968145	0.047402	1.208221	-0.150000	
719	401	1	1.024993	0.116251	
720	401	2	1.046901	0.116251	1.347043	-0.149997	
722	401	2	1.386704	-0.333111	1.302229	-0.059341	
724	401	3	0.904585	-0.553263	0.676460	-0.059327	1.209356	-0.150001	
725	401	1	1.073169	-0.066854	
726	401	1	1.089956	-0.315154	
727	401	1	1.030914	-0.329851	
515	402	1	1.123207	-0.223182	
523	402	1	1.644493	-0.550588	
524	402	1	1.085006	-0.223190	
525	402	1	1.132409	-0.025791	
526	402	1	1.195990	-0.025804	
527	402	1	1.137067	-0.025805	
553	402	1	1.336075	-0.233287	
554	402	1	1.304414	-0.270772	
561	402	1	1.322548	-0.108939	
564	402	1	1.048130	0.036624	
568	402	1	1.195412	-0.025798	
631	402	1	1.329310	-0.255772	
634	402	1	1.285136	-0.241885	
637	402	1	1.154627	-0.010803	
679	402	1	1.414382	-0.643483	
680	402	2	1.397212	-0.507101	1.380180	-0.499350	
681	402	1	1.514634	-0.463636	
682	402	1	1.338258	0.083145	
683	402	1	1.323453	-0.305875	
684	402	1	1.126790	-0.319193	
685	402	2	1.653155	-0.083135	1.368232	-0.152649	
686	402	1	1.303960	-0.156596	
688	402	1	1.398480	0.000000	
690	402	1	1.450946	-0.152648	
692	402	1	0.919117	0.047404	
693	402	3	0.873368	-0.291460	1.351385	0.000012	0.992120	0.116251	
694	402	2	0.890815	-0.226799	1.023108	0.015153	
695	402	2	0.897004	-0.380501	1.196254	0.002645	
696	402	3	0.898553	-0.380500	1.023108	0.015153	1.745049	0.141465	
697	402	1	1.152971	-0.073231	
698	402	1	1.139944	-0.249663	
699	402	1	1.745049	0.141465	
701	402	1	1.479540	0.892727	
702	402	1	1.337847	-0.149996	
708	402	1	1.347580	-0.149996	
710	402	1	1.309008	-0.150001	
713	402	1	1.427492	-0.150004	
715	402	1	1.369602	0.015152	
721	402	1	1.045185	0.116264	
722	402	2	0.904585	-0.553263	1.016478	0.029853	
723	402	1	1.016363	-0.059341	
495	403	1	1.501660	-0.324294	
499	403	1	1.036126	-0.125466	
500	403	1	1.657790	-0.519735	
502	403	1	1.130429	0.073872	
504	403	1	1.366995	-0.108938	
508	403	1	2.909135	-0.420591	
511	403	1	2.748851	-0.566216	
513	403	1	1.873684	-0.384568	
514	403	1	1.145299	-0.025791	
517	403	1	2.355990	-0.532886	
519	403	1	2.553910	-0.686849	
522	403	1	1.891257	-0.597134	
528	403	1	0.988762	0.369000	
531	403	1	1.087215	-0.025804	
532	403	1	1.289021	-0.136456	
549	403	1	2.846627	-1.513463	
559	403	1	2.111235	-0.532886	
560	403	1	1.572272	-0.347550	
580	403	1	1.169482	-0.097105	
612	403	1	1.186729	-0.135147	
618	403	1	1.011562	-0.163455	
621	403	1	1.284830	-0.185462	
625	403	1	1.311069	-0.010798	
627	403	1	1.014301	0.287704	
643	403	1	1.232483	0.174552	
650	403	1	1.304382	0.106315	
677	403	1	1.376971	-0.643495	
678	403	2	1.655083	-0.643483	1.374080	-0.566725	
679	403	1	1.459989	-0.380514	
690	403	1	0.888578	-0.099660	
691	403	2	0.886252	-0.197393	1.157605	-0.249671	
692	403	1	0.867273	-0.291460	
693	403	1	0.867211	-0.291445	
701	403	1	1.344631	-0.233134	
702	403	1	1.379125	0.208769	
703	403	2	1.097395	0.568824	1.349489	0.171747	
704	403	1	1.441697	-0.066854	
705	403	1	1.352910	0.081091	
706	403	2	1.252075	-0.149992	1.291861	-0.104577	
708	403	1	0.973851	-0.221309	
709	403	1	1.596539	0.057494	
717	403	1	1.515996	-0.657107	
719	403	1	0.977681	-0.334608	
487	404	1	1.025728	-0.025801	
488	404	1	0.716128	0.481292	
489	404	2	1.494297	-0.080557	1.064170	0.171601	
490	404	1	1.205025	-0.071217	
492	404	1	2.138946	-0.223189	
493	404	1	1.306815	-0.106198	
494	404	1	0.812615	-0.025790	
503	404	2	1.151342	-0.106189	1.267623	-0.106193	
504	404	1	1.470639	-0.029423	
505	404	2	1.174026	0.295948	1.121754	-0.102568	
506	404	2	1.162132	-0.202669	1.090537	0.231523	
507	404	1	1.245030	-0.136492	
508	404	2	1.247960	-0.025803	1.272085	-0.097105	
509	404	1	1.279221	-0.025799	
511	404	2	1.245804	-0.167689	1.206080	-0.025801	
513	404	2	1.201320	0.201004	1.303021	0.040773	
515	404	1	0.886706	0.400818	
517	404	1	1.146705	0.265660	
519	404	3	1.213914	0.064864	1.346215	-0.125466	1.100414	-0.025802	
522	404	1	1.323869	-0.092365	
524	404	1	1.117788	-0.025789	
527	404	1	1.209152	0.045513	
530	404	2	1.203720	-0.025801	1.223459	-0.025799	
532	404	1	1.052213	0.057346	
535	404	1	1.190083	-0.025791	
538	404	1	1.120188	0.050965	
545	404	1	1.285878	0.057346	
547	404	1	1.244293	0.126850	
548	404	1	1.309796	-0.092365	
550	404	1	1.244293	0.126850	
551	404	1	1.104258	-0.108938	
553	404	1	0.999860	0.064862	
554	404	1	1.152409	-0.317263	
555	404	1	1.093726	-0.236894	
556	404	1	1.224905	-0.025790	
557	404	4	1.030297	-2.523881	1.334967	-0.025803	1.009665	0.562201	1.173963	-0.025790	
558	404	2	1.052813	0.317219	1.237941	-0.025803	
559	404	1	1.239973	-0.236894	
561	404	1	1.107834	0.295949	
562	404	1	1.349374	0.220293	
565	404	1	1.160932	-0.025790	
566	404	1	1.260012	-0.092364	
569	404	1	1.023613	-0.108939	
570	404	1	1.110280	-0.244473	
571	404	1	1.173392	-0.324294	
572	404	2	1.165187	-0.304093	1.216040	-0.025801	
573	404	1	1.219322	-0.190944	
574	404	3	1.466818	-0.025790	1.573987	-0.532898	1.078026	-0.025790	
575	404	1	1.198899	0.057346	
576	404	1	1.184722	0.219186	
577	404	2	1.188474	0.240454	1.098317	-0.025801	
578	404	1	1.214824	-0.025802	
579	404	1	1.191245	0.139346	
580	404	1	1.877109	-0.256884	
581	404	1	1.736165	-0.211145	
582	404	2	1.297900	-0.205645	1.124667	0.126861	
583	404	2	1.690776	-0.025791	1.128638	-0.178443	
584	404	3	1.633428	0.106752	1.288840	-0.120750	1.263560	-0.158352	
585	404	2	1.661045	0.057334	1.126344	-0.025801	
586	404	2	1.401963	-0.025791	1.033279	-0.108939	
587	404	1	1.571674	-0.142909	
588	404	3	1.885805	-0.190956	1.265995	-0.025804	1.083994	0.050977	
589	404	1	1.863785	-0.025803	
590	404	2	1.681170	0.171603	1.374018	-0.025790	
591	404	1	1.130174	0.045512	
592	404	1	1.406030	-0.066292	
593	404	3	1.853507	-0.025801	1.452367	-0.108939	1.171934	0.045513	
594	404	1	0.946319	-0.001410	
596	404	2	1.884219	-0.025791	1.165116	-0.025801	
597	404	1	1.293782	0.116105	
599	404	1	1.403404	-0.175943	
600	404	1	1.060873	-0.302249	
601	404	1	1.540860	-0.026151	
602	404	1	1.033821	-0.102571	
603	404	1	1.081736	-0.101450	
604	404	1	1.186685	-0.025801	
605	404	1	1.422986	-0.010802	
606	404	1	1.229302	-0.135156	
608	404	1	1.246312	0.141859	
609	404	1	1.171000	-0.143351	
610	404	1	1.073311	-0.102569	
611	404	1	1.227230	0.065970	
613	404	1	1.124774	-0.025801	
615	404	1	1.309333	0.106316	
616	404	1	1.197006	-0.158345	
618	404	1	1.064043	0.126847	
630	404	1	1.234047	-0.175938	
631	404	1	1.191355	-0.010796	
632	404	1	1.258578	0.060506	
634	404	1	1.080198	-0.082106	
635	404	1	1.328780	-0.082094	
637	404	1	1.106558	0.055773	
638	404	1	1.347385	-0.082107	
640	404	1	1.073913	-0.077369	
645	404	1	1.071363	-0.082096	
647	404	1	0.994025	-0.099660	
648	404	2	1.114935	-0.090651	1.055931	0.060503	
649	404	2	1.146863	0.000000	1.425416	-0.110468	
651	404	2	1.026096	-0.099660	1.025784	-0.010790	
652	404	1	1.110823	0.000000	
654	404	1	1.117352	-0.010804	
657	404	1	1.145792	-0.073213	
664	404	1	1.330354	-0.927287	
669	404	1	1.239068	-0.083145	
672	404	1	0.705518	-1.551594	
674	404	1	0.873559	-0.043447	
675	404	2	1.909385	-0.718816	1.241467	-0.278297	
676	404	1	1.637237	-0.507087	
677	404	2	1.486781	-0.587999	1.322987	-0.507074	
679	404	2	1.190936	-0.043447	1.083042	-0.374168	
683	404	1	0.771370	-0.291446	
684	404	1	0.928148	-0.099660	
685	404	1	0.872843	-0.165149	
686	404	2	0.727891	-0.197393	0.839943	-0.321751	
687	404	1	0.854442	-0.083145	
688	404	1	0.898436	0.000000	
689	404	1	0.890620	-0.197393	
690	404	1	1.010833	-0.165149	
692	404	1	1.164322	0.141466	
694	404	1	1.546946	-0.226773	
697	404	1	1.546946	-0.226773	
699	404	1	1.282506	-0.059342	
704	404	1	1.518989	0.568825	
705	404	1	1.220020	0.276622	
710	404	1	1.205424	0.349347	
711	404	1	1.108145	0.230510	
712	404	2	1.451831	-0.240657	1.374212	0.094985	
714	404	1	1.043424	-0.083438	
715	404	1	1.192421	0.002645	
716	404	1	1.489326	0.107323	
483	405	1	1.530671	-0.179236	
484	405	1	1.298917	-0.076791	
487	405	1	1.267259	-0.047442	
488	405	1	1.273041	-0.015533	
489	405	1	1.210495	-0.043775	
490	405	2	1.216003	-0.073948	0.716128	0.481292	
493	405	2	1.338859	-0.020691	1.210467	-0.075905	
494	405	1	1.268093	0.018162	
496	405	1	1.244500	-0.075905	
497	405	2	1.663936	0.171592	1.211007	-0.097104	
498	405	1	1.133457	-0.073948	
499	405	1	1.268093	0.018162	
500	405	1	1.196036	0.050977	
501	405	3	1.623609	-0.201146	1.195409	-0.043775	0.967353	0.166821	
503	405	1	1.196036	0.050977	
505	405	1	1.195700	0.018161	
506	405	1	1.202573	0.011222	
507	405	1	1.115073	0.064538	
508	405	1	1.193248	-0.025798	
510	405	2	1.311639	-0.020691	1.120210	0.026356	
511	405	1	1.193248	-0.025798	
513	405	1	1.315513	-0.025791	
515	405	1	1.317331	-0.025798	
516	405	1	1.332706	0.106752	
517	405	1	1.211125	-0.025799	
519	405	1	1.303021	0.040773	
521	405	1	1.308304	0.073871	
522	405	1	1.312405	0.126850	
523	405	1	1.245521	0.026789	
524	405	1	1.128984	0.064864	
526	405	2	1.137297	-0.324305	1.128984	0.064864	
527	405	3	1.112623	-0.223189	1.428613	-0.162864	1.250377	0.079081	
528	405	2	1.110345	-0.158342	1.225577	-0.158342	
529	405	3	1.125708	-0.125468	1.174511	-0.092364	1.312745	-0.178442	
530	405	2	1.105711	-0.025800	1.167895	-0.025801	
531	405	1	1.483891	0.026781	
532	405	2	1.201298	-0.097092	1.292809	-0.025796	
533	405	4	1.103992	-0.025791	1.171824	-0.097105	1.549372	0.073871	1.219503	0.116109	
534	405	3	1.060113	-0.223204	1.263910	-0.025794	1.219279	-0.190951	
535	405	3	1.114874	0.064864	1.246317	-0.025801	1.342078	-0.125455	
536	405	5	1.207481	-0.025802	1.002259	0.154065	1.172427	-0.025790	1.279689	0.171588	1.076203	-0.116459	
537	405	5	1.138725	-0.025805	1.424325	0.520996	1.049294	0.064863	1.084456	-0.025802	1.663517	0.073871	
538	405	2	1.196089	-0.108938	1.232674	0.026781	
539	405	5	1.256412	-0.025805	1.176219	0.045501	1.561413	0.024158	1.297669	-0.025790	1.254179	0.045507	
540	405	5	1.179596	-0.116455	1.174213	0.045513	1.364248	-0.025803	1.323435	-0.125466	1.236362	0.116108	
541	405	4	1.275244	-0.025801	1.120658	-0.025790	1.472578	-0.025799	1.205683	-0.108939	
542	405	4	1.287395	0.116108	1.152190	-0.025796	1.259818	0.073871	1.369821	0.106764	
543	405	3	1.250256	-0.223189	1.130609	0.116109	1.095589	-0.025803	
544	405	3	1.337455	-0.205645	1.244109	0.073873	1.201455	0.057345	
545	405	4	1.295275	-0.025803	1.345238	0.021790	1.124331	0.050977	1.224904	-0.025801	
546	405	3	1.254901	-0.025801	1.271033	0.026789	1.209492	-0.025803	
547	405	2	1.419852	-0.025790	1.132711	0.012650	
548	405	1	1.446666	0.106762	
549	405	4	1.366471	0.079080	1.097267	0.171593	1.556381	0.021782	1.343842	-0.025790	
550	405	5	1.439354	-0.025804	1.417525	-0.223189	0.935924	-0.324295	1.147919	0.024165	1.290708	0.073872	
551	405	4	1.510197	-0.025790	1.079597	-0.304093	1.509993	0.007524	1.285879	-0.108939	
552	405	3	1.569545	-0.025790	1.218062	-0.374563	1.257339	0.139359	
553	405	3	1.556272	-0.178443	1.164470	-0.223188	1.162685	-0.025797	
554	405	6	1.561663	-0.025804	1.164439	-0.223189	1.173963	-0.025790	1.291577	-0.025798	1.139163	0.057346	1.230300	-0.093946	
555	405	2	1.639977	-0.102569	1.167704	0.139346	
556	405	5	1.580923	-0.025801	1.348784	-0.025790	1.343561	-0.025802	1.254582	-0.042744	1.146663	-0.110453	
557	405	4	1.530753	0.139359	1.246594	-0.025800	1.509372	-0.025790	1.275724	0.050977	
558	405	7	0.717543	0.116097	1.130543	0.098556	1.475165	-0.059114	1.243536	0.109736	1.120684	-0.097104	1.430900	0.139350	1.055826	-0.025790	
559	405	3	1.167222	0.091309	1.275079	-0.025791	1.221753	-0.010806	
560	405	4	1.292399	0.171608	1.148659	-0.167689	1.285727	0.069155	1.225655	0.050977	
561	405	5	1.107283	0.154051	1.147076	0.171594	1.329957	-0.025798	1.275753	0.050977	1.126563	-0.010798	
562	405	5	1.067845	0.116097	1.229199	0.139346	1.308637	-0.025804	1.061629	0.064864	1.216065	-0.025800	
563	405	5	1.011125	-0.116458	1.328705	0.073871	1.131944	0.057345	0.991997	0.057345	1.178906	-0.010792	
564	405	4	1.419739	0.073871	1.243956	0.064865	1.495717	-0.102568	1.140174	0.109729	
565	405	6	1.181180	-0.108939	1.189642	0.045513	1.509015	-0.025790	1.377781	-0.025791	1.294958	0.045512	1.149054	0.079851	
566	405	6	1.056629	-0.025790	1.009173	-0.025790	1.529704	-0.025791	0.988340	-0.025791	1.249504	-0.025802	1.124544	-0.010797	
567	405	6	1.073114	-0.108926	1.585469	0.064862	1.315533	-0.084551	1.315632	-0.025790	1.087340	-0.025804	1.264149	-0.010796	
568	405	5	1.090821	-0.223203	1.638445	-0.108939	1.187471	-0.025798	0.807157	-0.025800	1.107116	-0.025791	
569	405	3	1.239408	0.064862	1.198193	-0.190956	1.246954	-0.088214	
570	405	6	1.082592	0.050977	1.542494	-0.025790	0.806972	0.159558	1.398093	-0.092364	1.254226	-0.010795	1.535834	-0.087569	
571	405	5	1.573464	-0.116455	1.226598	0.036625	1.377815	-0.025790	1.190293	0.057346	1.181326	0.080939	
572	405	3	1.484158	0.073874	1.180345	0.040764	0.841597	0.098565	
573	405	7	1.864036	-0.025803	1.087035	0.045502	1.438682	0.057345	0.806972	0.159558	1.209023	-0.025802	1.319884	-0.025791	1.124691	0.126847	
574	405	2	1.273233	-0.292054	1.468503	-0.010794	
575	405	4	1.170786	0.040774	1.336460	0.019623	1.191201	0.030851	1.124544	-0.010797	
576	405	6	2.189075	0.171589	1.149145	-0.025790	1.511617	-0.120750	1.323232	0.045513	1.182008	-0.025802	1.045884	-0.025790	
577	405	4	1.403572	-0.025791	0.834128	-0.084559	1.170779	-0.101461	1.073762	-0.010790	
578	405	6	1.126345	0.139350	1.977998	-0.078378	1.201931	-0.025790	1.438428	0.064864	1.220995	-0.025790	1.457211	-0.010802	
579	405	5	1.084549	0.045513	1.246623	-0.125466	1.091103	-0.025790	1.080789	-0.025802	1.209275	-0.093937	
580	405	1	0.868920	0.091320	
581	405	7	1.171720	0.126847	1.138950	-0.025801	1.750151	0.057345	1.225243	-0.108939	1.275084	-0.025802	1.138735	-0.167689	1.374593	0.047966	
582	405	4	1.286782	0.057345	1.253903	-0.150154	0.876761	-0.084552	1.295444	0.154344	
583	405	3	1.194416	0.126850	1.470701	-0.025790	0.859598	-0.142909	
584	405	4	1.342217	-0.025790	1.136595	-0.092364	1.275055	-0.025802	1.301767	-0.010799	
585	405	5	1.200961	0.036624	1.116395	-0.025791	0.882669	0.029704	1.380050	-0.127904	1.520616	-0.063383	
586	405	3	1.204888	0.154051	1.633608	0.154065	1.059125	-0.110452	
587	405	2	1.631017	0.126861	1.287027	0.036624	
588	405	2	0.706974	-0.025801	1.378497	-0.010798	
589	405	2	1.207523	0.098556	1.250657	-0.010796	
590	405	5	1.545549	-0.179941	1.034703	0.045512	1.497327	-0.025795	0.773372	-0.025797	1.077496	0.126856	
591	405	3	1.125690	-0.223204	1.565558	0.073873	1.198995	-0.010796	
592	405	5	1.247360	-0.205645	1.263447	-0.025799	0.903838	-0.025799	1.121355	0.116097	1.477725	0.041787	
593	405	3	1.107836	-0.108938	1.190369	-0.025800	0.792020	0.036615	
594	405	4	1.120248	0.064865	1.621268	0.036625	1.419096	-0.125466	1.342548	-0.069552	
595	405	4	1.131614	0.064862	1.083385	-0.025791	0.880893	0.122053	1.017168	-0.025790	
596	405	4	1.139154	0.057345	1.006272	-0.125466	1.249445	-0.010797	1.334347	0.106307	
597	405	3	1.126056	-0.025805	1.558324	-0.025800	1.585375	-0.108939	
598	405	3	0.851057	-0.084560	1.183556	-0.025801	1.142963	-0.093947	
599	405	5	1.248336	0.071783	1.626774	0.159546	1.474622	0.154065	1.154884	0.185298	1.305430	-0.185474	
600	405	2	1.552538	0.019208	1.070162	-0.025802	
601	405	4	1.174359	-0.025800	1.629168	-0.025803	1.348610	0.154051	1.035513	-0.152693	
602	405	2	1.545877	0.036624	0.830236	-0.101456	
603	405	5	1.084259	0.019210	1.540763	0.019630	1.208766	-0.000804	1.477611	-0.302264	1.367940	0.106316	
604	405	4	1.605998	-0.025790	1.255241	0.098567	1.622736	-0.025790	1.295031	-0.025790	
605	405	4	1.608172	0.019203	1.703888	-0.025804	1.423401	-0.063383	1.025028	-0.010801	
606	405	3	1.089528	0.045513	1.429673	-0.025804	1.443275	-0.025801	
607	405	7	1.084259	0.019210	1.417300	0.137875	1.895298	-0.102568	1.159978	-0.025800	1.115884	0.116109	1.431892	0.094080	1.436676	-0.110460	
608	405	3	1.769572	-0.025790	1.511591	-0.025790	1.393511	-0.025797	
609	405	2	1.240983	-0.025791	1.492820	-0.010796	
610	405	5	1.608172	0.019203	1.051000	0.019200	1.693615	-0.025802	1.170302	-0.158352	1.319947	-0.069552	
611	405	3	1.647194	0.084859	1.051040	-0.082101	1.429180	0.039161	
612	405	1	1.556742	-0.010792	
613	405	4	1.565225	-0.009205	1.355832	0.017651	1.432107	-0.302259	1.300825	0.131102	
614	405	3	1.266147	0.118875	1.496114	-0.010790	1.106878	0.055772	
615	405	4	1.512650	0.019201	1.159390	-0.025790	1.336532	-0.010788	1.431769	-0.010796	
616	405	3	1.282785	-0.010792	1.324015	-0.010790	1.067142	-0.082106	
617	405	1	1.323694	-0.010796	
618	405	2	1.257501	-0.030758	1.745935	0.169058	
619	405	3	1.301505	0.065970	1.033292	0.060514	1.430641	-0.060753	
620	405	1	1.429048	0.094080	
621	405	1	1.278579	-0.063383	
622	405	4	1.142396	0.019202	1.415211	-0.208188	1.324590	-0.010802	1.081655	-0.010801	
623	405	1	1.426334	-0.010796	
624	405	4	1.540807	-0.022438	1.570944	-0.010806	1.344048	-0.010790	1.107968	-0.101450	
625	405	3	1.188557	-0.036294	1.213095	0.041787	1.120742	-0.077371	
626	405	1	1.503610	-0.010797	
627	405	2	1.235593	0.024908	1.261230	-0.082106	
628	405	3	1.423833	-0.010794	1.081475	-0.010790	1.533321	0.034623	
629	405	2	1.131112	0.019202	1.339886	-0.010800	
630	405	1	1.136069	-0.190640	
632	405	3	1.726815	-0.010796	1.052019	-0.105746	1.430619	-0.060752	
634	405	2	1.498264	0.036791	1.122649	-0.101451	
635	405	1	1.681755	-0.057569	
636	405	3	1.015873	-0.010638	1.360731	0.041787	1.375529	-0.010796	
637	405	2	1.419082	-0.010802	1.042333	-0.010806	
639	405	2	1.327566	-0.066297	1.330833	-0.010800	
641	405	3	0.994613	0.099675	1.272951	-0.066288	0.924416	-1.481919	
642	405	1	1.061988	-0.090651	
643	405	5	1.008001	-0.197393	0.947774	-0.099660	1.360873	-0.010794	1.057352	0.169057	1.008046	0.131103	
644	405	2	0.981652	0.000015	0.947957	-0.099660	
645	405	4	1.008001	-0.197393	0.994025	-0.099660	1.379700	0.000009	1.433722	-0.010796	
646	405	4	0.981652	0.000015	1.330439	-0.566725	0.947957	-0.099660	1.123988	-0.066297	
647	405	3	1.031299	0.000000	1.423396	-0.010796	1.345841	-0.010795	
648	405	2	0.881200	0.000000	1.562753	-0.058751	
649	405	2	0.996228	0.066572	1.113092	0.165149	
650	405	1	1.117458	0.090665	
651	405	4	0.996093	0.000000	1.104713	0.090665	1.467814	0.186600	1.294924	-0.010800	
652	405	4	1.138470	0.117106	1.050484	0.076775	1.562753	-0.058751	0.932932	-0.110468	
653	405	1	1.178756	0.000000	
654	405	2	1.272631	0.099675	1.134102	-0.190654	
655	405	2	0.944807	0.000000	1.528580	0.000000	
656	405	4	0.956008	-0.052579	0.959699	0.000000	1.002561	-0.190640	1.506766	-0.218291	
657	405	1	1.088939	0.090665	
658	405	1	1.129169	-0.165145	
659	405	2	2.265944	-0.165149	1.529979	0.000000	
660	405	4	1.811676	-0.156596	1.071274	-0.090651	1.040337	-0.179850	1.417329	0.041787	
661	405	2	1.025784	-0.099667	1.133560	-0.083132	
662	405	2	1.106418	-0.090653	1.669440	0.052586	
663	405	2	1.023712	0.179849	1.173389	-0.076776	
664	405	1	1.199302	0.000000	
665	405	3	2.101498	-0.652838	1.002299	-0.090650	1.124324	0.083148	
666	405	2	1.066529	0.083145	1.006278	-0.099660	
667	405	1	0.913424	-0.099660	
668	405	1	0.987314	0.090667	
671	405	3	2.491247	-0.367169	1.054930	-0.380501	1.263487	0.076777	
672	405	3	1.241467	-0.278297	1.487244	-0.489951	1.464335	-0.124343	
674	405	2	1.412452	-0.718836	1.117426	0.165157	
675	405	4	1.741747	-0.785379	0.852321	0.066572	1.011781	0.152654	1.700206	-0.844167	
676	405	6	1.344606	-0.380501	0.914433	0.000007	0.993677	0.207501	2.309604	-0.750927	1.149256	-0.090667	1.499170	-0.117106	
677	405	4	1.332671	-0.528079	0.749899	0.083147	1.156748	-0.083148	1.083042	-0.374168	
678	405	2	1.018314	-0.321751	0.946547	0.099675	
679	405	5	0.926590	-0.348764	1.042224	-0.152649	1.299425	0.000012	1.086253	-0.165144	1.170211	-0.038439	
680	405	6	0.774384	-0.197387	1.053616	0.049961	1.238156	0.152660	0.993677	0.207501	1.187189	0.099675	1.023362	0.197393	
681	405	4	0.773519	0.000000	0.979389	0.244978	1.098769	0.000000	1.154292	0.083148	
682	405	5	0.789863	-0.197393	0.931806	0.000000	1.292455	0.358773	1.287048	0.000011	1.448267	0.062423	
683	405	2	0.885184	0.000000	1.322873	-0.117106	
684	405	2	1.165917	0.071312	1.263826	0.152645	
685	405	2	0.991070	0.083148	1.247238	-0.083139	
709	405	1	1.803026	0.810062	
718	405	1	1.478899	0.128300	
722	405	1	1.298148	0.035345	
466	406	1	1.182771	0.026355	
474	406	2	1.147536	-0.106196	1.099764	-0.106196	
477	406	2	1.530671	-0.179236	1.235152	-0.015532	
479	406	1	1.402992	-0.106193	
482	406	1	1.235152	-0.015532	
484	406	1	1.246841	-0.015532	
492	406	1	1.257342	0.010918	
510	406	1	1.437103	0.015847	
512	406	1	1.004767	-0.025798	
519	406	1	1.019647	-0.056091	
520	406	2	0.864070	0.040774	1.395537	-0.156622	
521	406	1	1.010412	-0.097104	
522	406	2	0.857016	-0.088216	1.428613	-0.162864	
523	406	1	1.137297	-0.324305	
524	406	1	0.756923	-0.025804	
525	406	2	0.945923	-0.102568	1.225577	-0.158342	
532	406	2	1.227962	0.154065	1.401670	0.341380	
538	406	1	1.073552	0.154056	
542	406	1	1.087022	0.139355	
543	406	1	1.073291	0.041787	
547	406	1	0.988532	-0.010794	
548	406	2	1.111582	0.201009	1.323862	-0.121454	
549	406	2	1.372347	-0.452420	1.032913	-0.010802	
550	406	1	1.201325	-0.101451	
551	406	1	0.988532	-0.010794	
552	406	3	1.475798	-0.025795	1.230300	-0.093946	1.456547	0.088877	
553	406	1	1.032913	-0.010802	
554	406	1	1.064414	0.079080	
555	406	3	2.178104	0.050970	1.469311	0.024157	1.070903	-0.110456	
556	406	2	1.356204	-0.010798	1.456547	0.088877	
557	406	1	1.036368	-0.063375	
558	406	2	0.382294	-0.116456	0.965271	-0.010800	
559	406	3	1.498133	0.073871	1.065803	-0.025800	1.396889	-0.066296	
560	406	1	1.127520	0.088876	
562	406	4	1.651772	0.029697	1.422164	-0.010794	1.039449	0.041787	1.396889	-0.066296	
563	406	4	1.702300	0.019623	1.316560	0.148870	1.746499	0.139359	1.351247	-0.010798	
564	406	2	1.448534	-0.010791	1.060658	0.088876	
565	406	2	1.529170	0.064863	1.192872	0.084870	
568	406	2	1.438844	0.057345	1.448534	-0.010791	
569	406	2	1.557881	0.045513	1.367244	-0.087568	
570	406	1	1.579620	0.064864	
571	406	2	1.260793	-0.010796	1.432607	-0.010796	
572	406	2	1.441324	0.064862	1.007491	-0.066296	
574	406	3	1.741968	-0.025791	1.376192	-0.069561	1.058626	-0.110468	
575	406	2	0.841597	0.098565	1.424857	-0.010796	
576	406	3	1.143309	-0.025796	1.687877	0.088878	1.032831	-0.010793	
577	406	1	0.946346	0.187143	
578	406	4	1.445714	-0.009204	0.841965	-0.025799	1.518970	0.041787	1.043545	-0.110471	
579	406	2	0.941374	0.158149	1.437758	-0.010796	
580	406	4	1.058646	-0.116455	1.042366	-0.025796	1.228780	-0.010795	1.251038	-0.010793	
581	406	3	1.116233	-0.125455	1.058613	-0.208192	1.057327	-0.010794	
582	406	1	1.655234	-0.010793	
583	406	3	1.082570	0.073871	1.509066	-0.063375	1.047210	0.088863	
584	406	3	1.545549	-0.179941	1.225592	-0.025799	1.550920	-0.010799	
585	406	1	1.047010	0.039161	
587	406	4	1.160728	0.322971	1.254842	-0.025790	1.451108	-0.010800	1.093073	-0.110468	
588	406	2	1.247411	0.154064	1.483250	-0.010796	
589	406	4	1.510665	-0.025790	1.166187	-0.025799	1.054962	-0.060760	1.099516	0.126270	
590	406	2	1.209876	-0.025805	1.528433	0.088863	
591	406	2	1.128853	-0.025799	1.078043	-0.010796	
592	406	3	1.804944	0.126850	1.192161	-0.010795	1.427145	-0.010796	
593	406	3	1.157757	-0.081294	1.377863	-0.010806	1.070811	-0.063375	
594	406	3	1.221396	0.057346	1.121121	-0.025799	0.697307	0.116109	
595	406	2	1.083346	0.280652	1.349076	0.044705	
596	406	1	1.350902	0.163878	
597	406	1	1.406140	0.099862	
598	406	2	1.150789	0.139362	1.073485	-0.117533	
599	406	3	1.242503	0.295949	1.008522	-0.115677	1.480647	-0.058378	
600	406	1	1.132310	-0.137398	
601	406	3	1.297913	-0.010789	1.046287	-0.077369	1.158821	-0.010792	
603	406	2	1.308161	-0.208195	1.314006	-0.010802	
604	406	2	1.144937	0.175803	1.329568	-0.127911	
605	406	2	1.349069	-0.010796	1.157400	0.079864	
606	406	1	1.500327	-0.101451	
607	406	1	1.170787	0.079863	
608	406	2	1.144937	0.175803	1.523500	0.044705	
609	406	1	1.500327	-0.101451	
610	406	1	1.207677	-0.066296	
611	406	2	1.024150	-0.208195	1.523500	0.044705	
612	406	2	1.069492	-0.091448	0.984207	-0.010803	
613	406	1	1.003503	-0.218292	
615	406	1	1.106058	0.079865	
618	406	1	1.159226	-0.010807	
619	406	2	0.926440	0.019199	1.546533	-0.010796	
620	406	2	1.630735	0.019203	1.047428	-0.110452	
622	406	2	1.015873	-0.010638	1.099069	-0.010806	
623	406	2	1.102486	-0.036293	1.455714	0.044696	
626	406	1	1.001009	0.088876	
627	406	1	1.405537	-0.010792	
628	406	1	1.048397	0.079851	
629	406	2	1.611983	0.019203	1.229983	0.099861	
631	406	2	1.183062	0.099853	1.636831	-0.010796	
632	406	2	1.176738	0.129860	1.160204	0.099863	
634	406	2	1.158482	0.099861	1.499638	-0.010794	
636	406	1	1.050419	-0.039552	
638	406	2	1.075967	-0.069552	1.471943	-0.115674	
639	406	3	1.547650	0.224604	1.050595	0.077963	1.104230	0.074706	
642	406	2	1.243209	0.088877	1.465272	0.099861	
643	406	4	1.204222	0.000000	1.076340	0.019200	1.019317	0.136310	0.906372	-0.443200	
644	406	2	1.243137	0.211096	1.330439	-0.566725	
645	406	3	1.531800	-0.058751	1.029420	-0.196149	1.444859	-0.121454	
646	406	2	1.083721	0.000007	1.009061	-0.155471	
648	406	1	1.223048	0.108634	
649	406	2	2.161869	-0.260599	1.277565	0.174546	
650	406	2	1.083721	0.000007	1.045129	0.074706	
651	406	1	1.383858	0.179850	
652	406	1	1.738993	-0.165144	
653	406	5	1.611451	0.083145	1.150751	0.000000	1.021131	0.090665	1.124348	-0.033385	1.695916	-0.010798	
655	406	2	1.505942	0.000000	1.251420	0.000000	
656	406	2	1.592989	-0.076766	1.154806	0.000000	
657	406	2	0.925456	0.086744	1.131118	0.129860	
658	406	1	1.111789	0.000013	
659	406	1	1.823043	-0.076764	
660	406	1	1.048520	-0.066562	
661	406	2	1.582116	0.000000	1.163908	-0.085668	
662	406	1	1.551661	0.117108	
663	406	1	1.496416	0.090666	
664	406	1	1.058408	0.019202	
665	406	1	1.633032	-0.152645	
666	406	2	1.590146	0.000000	1.410255	0.062423	
667	406	2	1.471286	0.090668	1.307408	0.049738	
668	406	3	1.470045	0.278302	0.758138	0.499360	1.185140	-0.030759	
669	406	1	1.520517	0.058760	
670	406	1	2.400554	-0.156596	
671	406	1	0.872147	-0.625476	
672	406	1	1.204634	0.000000	
673	406	4	1.152467	-1.004076	1.807424	0.066572	0.875619	0.404897	1.549272	0.024390	
674	406	3	1.410555	-0.507089	1.063572	0.179850	1.190801	-0.496391	
675	406	3	1.076373	-0.380501	1.402956	-0.548547	0.938476	-0.531714	
676	406	1	0.886220	-0.179850	
677	406	1	1.582114	0.000000	
681	406	1	0.501274	0.110660	
682	406	2	1.189617	0.244985	1.195021	0.244985	
683	406	1	1.234236	0.298508	
684	406	3	1.009853	0.266253	1.189617	0.244985	1.129926	0.244978	
685	406	2	0.979494	0.244983	1.527931	0.231094	
686	406	2	0.517174	0.226803	1.136617	0.426636	
687	406	1	1.171842	0.114877	
690	406	1	1.386908	0.132559	
465	407	1	1.162333	-0.009721	
468	407	1	1.301795	-0.091702	
470	407	2	1.147536	-0.106196	1.099764	-0.106196	
471	407	1	1.646276	-0.058611	
472	407	1	1.485322	-0.131827	
477	407	1	1.718000	-0.003114	
489	407	1	1.718000	-0.003114	
495	407	1	1.684688	-0.036539	
512	407	1	1.019647	-0.056091	
544	407	1	1.179622	0.164191	
555	407	1	1.412691	-0.229463	
557	407	1	1.680363	0.635252	
558	407	1	0.965860	0.272714	
559	407	1	0.952078	0.354722	
560	407	2	1.097057	-0.025790	1.158678	0.113566	
562	407	1	1.119941	0.072350	
564	407	2	1.206893	-0.158355	1.112337	-0.010796	
567	407	2	1.112337	-0.010796	1.365796	-0.010792	
568	407	1	1.042067	0.039161	
569	407	2	1.192872	0.084870	1.458705	-0.010796	
570	407	2	1.160835	0.050977	1.247918	-0.010798	
572	407	1	1.215269	-0.010797	
573	407	1	1.110503	-0.073213	
574	407	1	1.130067	0.091311	
575	407	1	1.114463	-0.073212	
577	407	1	1.147812	-0.010796	
578	407	2	0.942829	0.206761	1.176605	0.051621	
579	407	1	1.458705	-0.010796	
580	407	1	1.133635	-0.073223	
581	407	1	1.416420	-0.010796	
583	407	1	1.425331	0.088863	
584	407	1	1.381416	-0.101463	
585	407	1	1.123633	0.054035	
586	407	1	1.515400	0.065983	
587	407	1	1.223700	0.106314	
588	407	1	1.264766	-0.110468	
590	407	1	1.101002	-0.073213	
591	407	1	1.494032	-0.093934	
592	407	1	1.170819	-0.010797	
593	407	1	1.101825	0.186597	
594	407	1	0.910151	-0.010799	
595	407	1	1.310936	0.169057	
596	407	1	1.132889	-0.073212	
598	407	2	1.364824	-0.208193	1.628270	0.065983	
599	407	1	1.192111	-0.127904	
600	407	2	1.222251	0.322971	1.285713	-0.110468	
603	407	1	1.070100	0.186600	
605	407	1	1.561868	-0.049240	
607	407	1	1.257437	0.088878	
609	407	2	1.587403	0.216005	1.170787	0.079863	
612	407	1	1.515693	0.065970	
616	407	1	1.205013	0.168094	
619	407	1	1.086363	-0.033385	
627	407	1	1.180356	0.069168	
631	407	1	1.169555	0.019197	
635	407	1	1.095232	0.019203	
640	407	1	1.818312	0.332235	
641	407	1	2.104655	0.452856	
646	407	1	2.161869	-0.260599	
647	407	1	1.731250	0.000011	
650	407	1	1.731250	0.000011	
651	407	1	0.876980	0.310953	
666	407	1	0.747104	-0.090667	
667	407	2	0.856845	0.000000	0.967550	0.380515	
668	407	1	0.724128	-0.099675	
669	407	2	1.211483	0.062422	0.960310	0.398525	
672	407	3	1.207023	-0.982786	2.951155	-0.463640	1.087645	0.250298	
673	407	4	1.129141	-0.960083	1.676533	0.000000	1.016564	-0.876057	1.035175	-0.380501	
674	407	2	1.554057	0.000000	1.280434	-0.499349	
675	407	1	1.392870	-0.507101	
679	407	1	1.701384	0.034471	
680	407	1	1.567622	0.071312	
682	407	1	1.283898	0.165157	
683	407	1	1.435676	0.298508	
685	407	1	1.575073	1.670471	
686	407	1	1.136879	0.463660	
687	407	1	1.161000	0.165157	
688	407	1	1.126508	0.348776	
689	407	2	0.501274	0.110660	1.444822	0.244974	
694	407	1	1.425821	0.185350	
551	408	1	1.384545	0.234806	
553	408	1	1.243765	-0.025801	
555	408	1	1.286286	-0.071225	
556	408	1	1.265908	-0.025790	
558	408	2	1.137618	-0.669291	1.127203	-0.025789	
559	408	2	0.877984	-0.025790	1.036695	-0.108939	
560	408	1	1.182507	0.116097	
561	408	1	1.493179	0.234804	
562	408	1	1.295796	-0.025800	
563	408	1	0.979163	0.098558	
564	408	2	1.118039	-0.205663	1.252458	0.036625	
615	408	1	1.535710	0.141856	
662	408	1	1.166969	1.222032	
667	408	1	2.613521	-0.260599	
668	408	1	2.511068	1.735956	
669	408	1	0.975370	0.551661	
671	408	1	1.054454	-1.390932	
672	408	1	0.694009	-1.570796	
673	408	1	2.309604	-0.750927	
685	408	1	1.747856	0.260599	
687	408	1	1.111725	0.610724	
688	408	1	1.143804	0.588010	
689	408	1	1.140122	0.426636	
691	408	1	1.309460	0.404897	
559	409	1	1.680363	0.635252	
618	409	1	2.243478	0.429049	
671	409	2	0.758148	-1.570796	1.016564	-0.876057	
686	409	1	1.901694	0.358773	
687	409	1	1.641767	0.493952	
688	409	1	0.935910	0.888482	
690	409	1	1.310241	0.528068	
691	409	1	1.111330	0.540424	
694	409	1	1.604055	0.493506	
671	410	2	0.917392	-1.158378	0.821215	-1.396131	
672	410	1	0.694009	-1.570796	
688	410	1	1.480753	0.685731	
689	410	2	0.980510	0.828851	1.003158	0.643483	
692	410	1	1.200656	0.674743	
693	410	3	1.340246	0.558600	1.253156	0.566748	0.926689	0.507101	
694	410	1	1.373114	0.463657	
696	410	1	1.753743	0.568836	
671	411	3	0.657726	-1.570796	0.725733	-1.428912	0.967641	-0.982786	
690	411	1	1.123770	0.463648	
691	411	1	1.002127	0.748382	
692	411	1	1.372150	0.667646	
695	411	2	1.356326	0.522407	1.120969	0.540425	
697	411	2	1.433826	0.571344	1.753743	0.568836	
670	412	1	0.994820	-1.138381	
689	412	1	1.531693	0.876057	
691	412	1	1.665938	0.694746	
696	412	1	1.248096	0.540424	
697	412	1	1.036016	0.463648	
699	412	1	1.646064	0.568824	
670	413	1	0.821215	-1.396131	
671	413	2	1.044149	-1.471122	1.629140	-1.269868	
692	413	2	1.177048	0.785406	1.108749	0.785388	
694	413	2	1.435342	1.165899	1.501032	0.694155	
695	413	1	1.201920	0.694742	
698	413	2	1.158008	0.741958	1.084219	0.661055	
700	413	1	1.549999	0.571336	
694	414	1	1.134635	0.785408	
695	414	1	1.501032	0.694155	
696	414	1	1.385477	0.588009	
699	414	2	1.243246	0.588012	1.071445	0.000000	
669	415	1	1.034882	-1.190268	
693	415	1	1.712360	0.702253	
697	415	1	1.326172	0.568824	
700	415	1	1.149163	0.732812	
701	415	1	1.231101	0.558598	
702	415	1	1.714406	0.731877	
703	415	1	1.511609	0.512392	
694	416	1	1.595973	0.815689	
699	416	1	1.282489	0.600927	
700	416	1	1.229676	0.785398	
702	416	2	1.268334	0.708633	0.989901	0.507114	
706	416	1	1.431954	0.244987	
695	417	1	1.413144	0.942010	
703	417	1	1.225576	0.463648	
704	417	1	1.308013	0.708633	
709	417	1	1.442755	0.302884	
699	418	1	1.086622	0.698661	
701	418	1	1.417789	0.635403	
704	418	1	1.002703	0.718817	
705	418	1	1.609352	0.738476	
706	418	1	1.531171	0.540424	
702	419	1	1.253009	0.568825	
705	419	1	1.280349	0.463658	
706	419	1	1.101768	0.726648	
707	419	1	1.525333	0.682981	
698	420	1	1.691013	0.785402	
704	420	1	1.252845	0.532314	
707	420	1	1.449896	0.588005	
702	421	1	1.045978	0.588005	
706	421	1	1.396711	0.576650	
710	421	1	1.449358	0.558627	
717	421	1	1.278449	-0.023393	
720	421	1	1.420666	0.137970	
724	421	1	1.420666	0.137970	
704	422	1	1.085410	0.588010	
708	422	1	1.421655	0.635388	
723	422	1	1.383805	1.705638	
727	422	1	1.199256	0.330858	
706	423	1	1.213610	0.706497	
730	423	1	1.490297	0.319626	
710	424	1	1.437392	0.635415	
717	424	1	1.491344	0.524740	
732	424	1	1.132852	0.408000	
703	425	1	1.269526	0.564594	
711	425	1	1.210173	0.564091	
719	425	1	1.438113	0.357106	
735	425	1	1.127180	0.407989	
706	426	1	1.201192	0.298353	
710	426	1	0.330509	0.739276	
713	426	2	1.325462	0.520090	1.428770	0.635414	
722	426	1	1.507182	0.289833	
709	427	1	1.201192	0.298353	
715	427	1	1.275772	0.635402	
724	427	1	1.521561	0.493513	
712	428	1	1.320534	0.564602	
713	428	2	1.133382	0.464935	1.298746	0.242856	
716	428	1	1.060033	1.339510	
728	428	1	1.476755	0.336900	
715	430	2	1.133382	0.464935	1.320534	0.564602	
716	430	1	1.318214	0.445165	
718	430	1	1.259180	0.738482	
722	430	1	1.236662	1.594983	
731	430	1	1.340091	0.390415	
717	431	1	1.060033	1.339510	
720	431	1	1.351275	0.635403	
717	432	2	1.290344	0.886348	1.200612	0.488497	
138	433	1	0.990556	0.872706	
139	433	1	0.962724	0.692849	
720	433	1	1.024322	1.315107	
721	433	1	1.361840	0.880374	
722	433	1	1.236662	1.594983	
139	434	2	1.039911	0.817213	0.784740	0.495449	
140	434	1	0.766880	0.520651	
150	434	1	1.563098	-0.311212	
151	434	1	1.380483	-0.277892	
152	434	1	1.246986	-0.234443	
153	434	1	1.273843	-0.037052	
139	435	1	0.931742	0.914933	
140	435	2	1.257023	0.817204	0.836565	0.520663	
141	435	2	1.055361	1.419500	0.902348	0.520667	
142	435	1	0.904334	0.495449	
146	435	1	1.051838	-0.119568	
147	435	1	1.231256	-0.234440	
148	435	1	1.272573	-0.151305	
149	435	1	1.341675	-0.358810	
150	435	1	1.360498	-0.358793	
717	435	1	1.130011	1.276070	
719	435	1	1.294030	0.991224	
722	435	1	1.399057	1.240927	
140	436	2	1.117472	0.736302	0.940548	0.817204	
141	436	2	1.039911	0.817213	1.087377	1.336354	
142	436	1	0.871842	0.520667	
143	436	2	1.110660	1.189275	0.910940	0.409055	
144	436	1	0.997800	0.129540	
145	436	1	1.120941	0.129539	
146	436	1	1.239003	0.138534	
147	436	1	1.085693	-0.151305	
718	436	1	1.671848	1.347003	
721	436	2	1.252176	1.708766	1.024322	1.315107	
723	436	1	0.996768	0.849453	
139	437	1	1.217503	0.890252	
140	437	1	1.131286	0.817219	
141	437	2	1.257023	0.817204	0.940548	0.817204	
142	437	2	1.117472	0.736302	1.134253	1.259578	
143	437	1	1.397637	1.156498	
719	437	1	1.092884	0.886336	
720	437	1	1.047305	0.612855	
138	438	1	1.365011	0.577965	
139	438	2	1.657259	0.955849	1.440379	0.839936	
140	438	1	1.752976	0.962022	
141	438	1	1.181713	0.817204	
142	438	2	0.972113	0.872701	1.243735	1.419493	
143	438	1	1.325311	0.839928	
144	438	1	1.183972	1.081173	
720	438	2	0.847137	0.762004	1.351666	1.225661	
139	439	1	1.446492	0.769623	
140	439	2	1.804346	1.014594	1.508688	1.081173	
141	439	1	1.330235	0.839936	
142	439	3	1.547889	0.872700	1.057481	0.943294	1.180407	1.259578	
143	439	2	1.453592	0.903949	1.158502	1.081166	
144	439	1	1.397637	1.156498	
721	439	1	1.286785	1.076994	
140	440	1	1.440379	0.839936	
141	440	1	1.657259	0.955849	
142	440	2	1.207164	0.692853	1.358806	0.769623	
143	440	3	1.547889	0.872700	1.154809	1.067184	1.217593	1.138958	
144	440	2	1.550842	0.948041	1.593008	1.138953	
145	440	1	1.571103	1.138958	
721	440	1	1.330347	1.620952	
722	440	1	1.060209	1.398240	
141	441	2	1.804346	1.014594	1.534320	0.817204	
143	441	4	1.360053	0.839923	1.252078	0.872699	1.046392	1.125256	1.207259	1.073356	
144	441	2	1.435569	0.962015	1.319806	1.081173	
145	441	2	1.391029	1.067185	1.396178	1.114269	
721	441	1	1.084056	1.278677	
142	442	2	1.434981	1.014600	1.444399	0.903942	
144	442	4	1.284192	0.903944	1.437842	0.955841	1.157174	1.014603	1.444199	1.081173	
145	442	2	1.406162	1.081165	1.244716	1.138958	
146	442	2	1.408266	0.948035	1.419802	1.156498	
171	442	1	1.442982	0.328871	
172	442	1	1.678258	0.872700	
720	442	1	1.515534	1.720010	
721	442	1	1.185577	1.474351	
142	443	1	1.332960	1.081173	
143	443	2	1.338237	1.014602	1.382632	0.728548	
144	443	2	1.564058	0.692852	1.121424	1.067185	
145	443	3	1.488873	0.890252	1.252078	0.872699	1.269919	1.081173	
146	443	2	1.349668	0.962021	1.270056	1.073361	
172	443	1	1.675073	0.474188	
173	443	1	2.009318	0.817204	
143	444	1	1.515389	1.073356	
145	444	5	1.275673	1.014597	1.437842	0.955841	1.427843	0.550948	1.068652	0.903937	1.318099	0.948032	
146	444	4	1.142570	0.890251	1.452770	0.962021	1.092556	0.520664	1.320844	0.948035	
147	444	2	1.452707	1.067185	1.320778	1.067184	
173	444	1	1.678258	0.872700	
174	444	1	1.900364	0.426609	
720	444	1	1.172090	1.561098	
721	444	1	1.262934	1.482554	
722	444	2	1.387948	1.571113	0.996744	0.792699	
144	445	1	1.424740	0.955848	
146	445	5	1.076067	0.948033	1.256582	0.890249	1.389477	0.692854	1.004745	0.955848	1.249218	1.014600	
147	445	5	1.236805	0.872715	1.394470	0.769628	1.583966	1.014602	1.292526	0.623996	1.519341	1.014595	
175	445	1	2.009318	0.817204	
176	445	1	2.104763	0.577966	
721	445	1	1.183860	1.671738	
144	446	1	1.266856	1.081166	
147	446	4	1.173734	0.839936	1.354535	0.609714	0.966602	1.014607	1.248209	1.014607	
148	446	3	1.444488	0.769618	1.575368	0.955849	1.453123	0.817204	
176	446	1	2.415798	0.692853	
177	446	1	2.307427	0.623995	
145	447	1	1.421167	1.081173	
147	447	2	1.092190	0.962017	1.519151	1.014607	
148	447	5	1.240808	0.795928	1.514432	0.903944	1.447753	1.081166	1.170000	0.769623	1.591420	0.962021	
149	447	2	1.110671	0.692853	1.536303	0.967018	
721	447	1	1.418416	1.568678	
722	447	2	1.123134	1.602893	1.031432	1.459400	
145	448	1	1.415476	1.062181	
146	448	1	1.527436	0.948036	
148	448	2	1.199732	1.014603	1.059634	0.962022	
149	448	3	1.097455	1.014608	1.431941	1.212002	1.611391	0.903949	
150	448	2	1.232407	0.723144	1.438166	1.014602	
146	449	1	1.588629	0.962021	
147	449	1	1.405957	0.948042	
148	449	1	1.014125	1.014601	
149	449	5	1.095057	0.955848	1.459701	0.839928	1.406445	1.081173	0.913207	1.014607	1.316871	0.890243	
150	449	2	1.176352	0.903949	1.347398	0.890251	
151	449	2	1.182967	0.839927	1.574922	0.839927	
147	450	1	1.329600	1.014603	
149	450	1	0.858076	1.081165	
150	450	4	0.958773	0.948027	1.200096	0.948033	1.594779	0.955841	1.520049	1.014602	
151	450	2	1.106092	0.955848	1.344950	0.736301	
152	450	2	1.121861	0.769623	1.479175	0.692853	
721	450	2	1.102258	1.533112	1.235792	1.693019	
147	451	1	1.420783	1.014601	
148	451	1	1.497386	1.014594	
150	451	3	1.307008	1.233271	0.799635	0.903941	1.350388	1.014607	
151	451	4	1.009664	1.014603	1.137252	0.872707	0.694430	0.890252	1.275274	0.817204	
152	451	1	1.310921	0.857999	
153	451	2	1.164925	0.839936	1.033092	0.817209	
720	451	1	1.358609	1.643187	
721	451	1	0.659178	1.977326	
148	452	1	1.528858	0.890248	
149	452	1	1.475162	0.817210	
151	452	3	0.933522	0.948041	1.339349	1.156498	1.342887	0.839936	
152	452	3	0.888877	0.903949	1.077681	0.914931	1.199826	0.736302	
153	452	3	0.837651	0.817204	0.984054	0.890242	1.294871	0.817213	
154	452	1	0.936698	1.014608	
720	452	1	0.943379	1.698771	
149	453	1	1.350419	0.903942	
150	453	1	1.143012	0.890251	
151	453	2	1.397652	0.890251	0.616208	1.014605	
152	453	4	0.908213	1.014603	0.775959	1.067184	1.337979	1.014603	1.804739	0.962017	
153	453	2	0.727725	0.948033	1.548152	0.948033	
154	453	1	0.871315	0.872700	
720	453	1	0.971126	1.671743	
721	453	1	1.424842	1.607330	
150	454	1	1.055131	0.948027	
151	454	1	0.899294	0.609713	
152	454	2	0.917307	1.081167	0.838780	1.014600	
150	455	1	0.808513	0.890251	